,name,url,promoted_content,query,tweet_volume,location,country,as_of,created_at
0,#WorldHeritageDay,http://twitter.com/search?q=%23WorldHeritageDay,,%23WorldHeritageDay,10264.0,India,IN,2021-04-18T08:04:54Z,2021-04-16T11:12:03Z
1,#MyLeaderRahulGandhi,http://twitter.com/search?q=%23MyLeaderRahulGandhi,,%23MyLeaderRahulGandhi,,India,IN,2021-04-18T08:04:54Z,2021-04-16T11:12:03Z
2,CBI Give Update On SSR Case,http://twitter.com/search?q=%22CBI+Give+Update+On+SSR+Case%22,,%22CBI+Give+Update+On+SSR+Case%22,66246.0,India,IN,2021-04-18T08:04:54Z,2021-04-16T11:12:03Z
3,#HappyBirthdayKLRahul,http://twitter.com/search?q=%23HappyBirthdayKLRahul,,%23HappyBirthdayKLRahul,10421.0,India,IN,2021-04-18T08:04:54Z,2021-04-16T11:12:03Z
4,PANI DI GAL HITS 50M,http://twitter.com/search?q=%22PANI+DI+GAL+HITS+50M%22,,%22PANI+DI+GAL+HITS+50M%22,24879.0,India,IN,2021-04-18T08:04:54Z,2021-04-16T11:12:03Z
5,#sundayvibes,http://twitter.com/search?q=%23sundayvibes,,%23sundayvibes,19538.0,India,IN,2021-04-18T08:04:54Z,2021-04-16T11:12:03Z
6,#POSTPONE_SSC_CHSL,http://twitter.com/search?q=%23POSTPONE_SSC_CHSL,,%23POSTPONE_SSC_CHSL,302652.0,India,IN,2021-04-18T08:04:54Z,2021-04-16T11:12:03Z
7,Many Legacies One Destination,http://twitter.com/search?q=%22Many+Legacies+One+Destination%22,,%22Many+Legacies+One+Destination%22,,India,IN,2021-04-18T08:04:54Z,2021-04-16T11:12:03Z
8,Fadnavis,http://twitter.com/search?q=Fadnavis,,Fadnavis,73991.0,India,IN,2021-04-18T08:04:54Z,2021-04-16T11:12:03Z
9,rubika ji,http://twitter.com/search?q=%22rubika+ji%22,,%22rubika+ji%22,,India,IN,2021-04-18T08:04:54Z,2021-04-16T11:12:03Z
10,100 ICU,http://twitter.com/search?q=%22100+ICU%22,,%22100+ICU%22,,India,IN,2021-04-18T08:04:54Z,2021-04-16T11:12:03Z
11,POWER COUPLE RUBINAV,http://twitter.com/search?q=%22POWER+COUPLE+RUBINAV%22,,%22POWER+COUPLE+RUBINAV%22,57556.0,India,IN,2021-04-18T08:04:54Z,2021-04-16T11:12:03Z
12,Jake Paul,http://twitter.com/search?q=%22Jake+Paul%22,,%22Jake+Paul%22,295462.0,India,IN,2021-04-18T08:04:54Z,2021-04-16T11:12:03Z
13,CHAOS AWAITS THE NIGHT OF DOOM,http://twitter.com/search?q=%22CHAOS+AWAITS+THE+NIGHT+OF+DOOM%22,,%22CHAOS+AWAITS+THE+NIGHT+OF+DOOM%22,150940.0,India,IN,2021-04-18T08:04:54Z,2021-04-16T11:12:03Z
14,तात्या टोपे,http://twitter.com/search?q=%22%E0%A4%A4%E0%A4%BE%E0%A4%A4%E0%A5%8D%E0%A4%AF%E0%A4%BE+%E0%A4%9F%E0%A5%8B%E0%A4%AA%E0%A5%87%22,,%22%E0%A4%A4%E0%A4%BE%E0%A4%A4%E0%A5%8D%E0%A4%AF%E0%A4%BE+%E0%A4%9F%E0%A5%8B%E0%A4%AA%E0%A5%87%22,,India,IN,2021-04-18T08:04:54Z,2021-04-16T11:12:03Z
15,Rahul ji,http://twitter.com/search?q=%22Rahul+ji%22,,%22Rahul+ji%22,,India,IN,2021-04-18T08:04:54Z,2021-04-16T11:12:03Z
16,Leading,http://twitter.com/search?q=Leading,,Leading,65192.0,India,IN,2021-04-18T08:04:54Z,2021-04-16T11:12:03Z
17,Complex Pasts,http://twitter.com/search?q=%22Complex+Pasts%22,,%22Complex+Pasts%22,,India,IN,2021-04-18T08:04:54Z,2021-04-16T11:12:03Z
18,प्रथम स्वतंत्रता संग्राम,http://twitter.com/search?q=%22%E0%A4%AA%E0%A5%8D%E0%A4%B0%E0%A4%A5%E0%A4%AE+%E0%A4%B8%E0%A5%8D%E0%A4%B5%E0%A4%A4%E0%A4%82%E0%A4%A4%E0%A5%8D%E0%A4%B0%E0%A4%A4%E0%A4%BE+%E0%A4%B8%E0%A4%82%E0%A4%97%E0%A5%8D%E0%A4%B0%E0%A4%BE%E0%A4%AE%22,,%22%E0%A4%AA%E0%A5%8D%E0%A4%B0%E0%A4%A5%E0%A4%AE+%E0%A4%B8%E0%A5%8D%E0%A4%B5%E0%A4%A4%E0%A4%82%E0%A4%A4%E0%A5%8D%E0%A4%B0%E0%A4%A4%E0%A4%BE+%E0%A4%B8%E0%A4%82%E0%A4%97%E0%A5%8D%E0%A4%B0%E0%A4%BE%E0%A4%AE%22,,India,IN,2021-04-18T08:04:54Z,2021-04-16T11:12:03Z
19,Mumbai Police,http://twitter.com/search?q=%22Mumbai+Police%22,,%22Mumbai+Police%22,17883.0,India,IN,2021-04-18T08:04:54Z,2021-04-16T11:12:03Z
20,lok sant,http://twitter.com/search?q=%22lok+sant%22,,%22lok+sant%22,52443.0,India,IN,2021-04-18T08:04:54Z,2021-04-16T11:12:03Z
21,Bruck Pharma,http://twitter.com/search?q=%22Bruck+Pharma%22,,%22Bruck+Pharma%22,21182.0,India,IN,2021-04-18T08:04:54Z,2021-04-16T11:12:03Z
22,Rally,http://twitter.com/search?q=Rally,,Rally,72545.0,India,IN,2021-04-18T08:04:54Z,2021-04-16T11:12:03Z
23,Sahil,http://twitter.com/search?q=Sahil,,Sahil,,India,IN,2021-04-18T08:04:54Z,2021-04-16T11:12:03Z
24,Varanasi,http://twitter.com/search?q=Varanasi,,Varanasi,16289.0,India,IN,2021-04-18T08:04:54Z,2021-04-16T11:12:03Z
25,Ghaziabad,http://twitter.com/search?q=Ghaziabad,,Ghaziabad,,India,IN,2021-04-18T08:04:54Z,2021-04-16T11:12:03Z
26,PM of India,http://twitter.com/search?q=%22PM+of+India%22,,%22PM+of+India%22,26917.0,India,IN,2021-04-18T08:04:54Z,2021-04-16T11:12:03Z
27,suprabhat,http://twitter.com/search?q=suprabhat,,suprabhat,,India,IN,2021-04-18T08:04:54Z,2021-04-16T11:12:03Z
28,प्रचार मंत्री,http://twitter.com/search?q=%22%E0%A4%AA%E0%A5%8D%E0%A4%B0%E0%A4%9A%E0%A4%BE%E0%A4%B0+%E0%A4%AE%E0%A4%82%E0%A4%A4%E0%A5%8D%E0%A4%B0%E0%A5%80%22,,%22%E0%A4%AA%E0%A5%8D%E0%A4%B0%E0%A4%9A%E0%A4%BE%E0%A4%B0+%E0%A4%AE%E0%A4%82%E0%A4%A4%E0%A5%8D%E0%A4%B0%E0%A5%80%22,,India,IN,2021-04-18T08:04:54Z,2021-04-16T11:12:03Z
29,Sanatan Dharma,http://twitter.com/search?q=%22Sanatan+Dharma%22,,%22Sanatan+Dharma%22,34669.0,India,IN,2021-04-18T08:04:54Z,2021-04-16T11:12:03Z
30,Patna,http://twitter.com/search?q=Patna,,Patna,13041.0,India,IN,2021-04-18T08:04:54Z,2021-04-16T11:12:03Z
31,Central Govt,http://twitter.com/search?q=%22Central+Govt%22,,%22Central+Govt%22,16172.0,India,IN,2021-04-18T08:04:54Z,2021-04-16T11:12:03Z
32,Deepest,http://twitter.com/search?q=Deepest,,Deepest,27524.0,India,IN,2021-04-18T08:04:54Z,2021-04-16T11:12:03Z
33,#FarmerLivesMatter,http://twitter.com/search?q=%23FarmerLivesMatter,,%23FarmerLivesMatter,87452.0,India,IN,2021-04-18T08:04:54Z,2021-04-16T11:12:03Z
34,#RCBvKKR,http://twitter.com/search?q=%23RCBvKKR,,%23RCBvKKR,,India,IN,2021-04-18T08:04:54Z,2021-04-16T11:12:03Z
35,#MadhanyaOutNow,http://twitter.com/search?q=%23MadhanyaOutNow,,%23MadhanyaOutNow,23161.0,India,IN,2021-04-18T08:04:54Z,2021-04-16T11:12:03Z
36,#EbarBJPSorkar,http://twitter.com/search?q=%23EbarBJPSorkar,,%23EbarBJPSorkar,28727.0,India,IN,2021-04-18T08:04:54Z,2021-04-16T11:12:03Z
37,#TamilGenocideRemembranceMonth,http://twitter.com/search?q=%23TamilGenocideRemembranceMonth,,%23TamilGenocideRemembranceMonth,12022.0,India,IN,2021-04-18T08:04:54Z,2021-04-16T11:12:03Z
38,#JEEMains2021,http://twitter.com/search?q=%23JEEMains2021,,%23JEEMains2021,,India,IN,2021-04-18T08:04:54Z,2021-04-16T11:12:03Z
39,#IntoTheFuture,http://twitter.com/search?q=%23IntoTheFuture,,%23IntoTheFuture,,India,IN,2021-04-18T08:04:54Z,2021-04-16T11:12:03Z
40,#AlyGoniIsAGem,http://twitter.com/search?q=%23AlyGoniIsAGem,,%23AlyGoniIsAGem,,India,IN,2021-04-18T08:04:54Z,2021-04-16T11:12:03Z
41,#declare_cho_final_list,http://twitter.com/search?q=%23declare_cho_final_list,,%23declare_cho_final_list,40430.0,India,IN,2021-04-18T08:04:54Z,2021-04-16T11:12:03Z
42,#जनता_त्रस्त_मोदी_मस्त,http://twitter.com/search?q=%23%E0%A4%9C%E0%A4%A8%E0%A4%A4%E0%A4%BE_%E0%A4%A4%E0%A5%8D%E0%A4%B0%E0%A4%B8%E0%A5%8D%E0%A4%A4_%E0%A4%AE%E0%A5%8B%E0%A4%A6%E0%A5%80_%E0%A4%AE%E0%A4%B8%E0%A5%8D%E0%A4%A4,,%23%E0%A4%9C%E0%A4%A8%E0%A4%A4%E0%A4%BE_%E0%A4%A4%E0%A5%8D%E0%A4%B0%E0%A4%B8%E0%A5%8D%E0%A4%A4_%E0%A4%AE%E0%A5%8B%E0%A4%A6%E0%A5%80_%E0%A4%AE%E0%A4%B8%E0%A5%8D%E0%A4%A4,,India,IN,2021-04-18T08:04:54Z,2021-04-16T11:12:03Z
43,#SundayThoughts,http://twitter.com/search?q=%23SundayThoughts,,%23SundayThoughts,13058.0,India,IN,2021-04-18T08:04:54Z,2021-04-16T11:12:03Z
44,#BJYMCares,http://twitter.com/search?q=%23BJYMCares,,%23BJYMCares,18953.0,India,IN,2021-04-18T08:04:54Z,2021-04-16T11:12:03Z
45,#तड़पता_उत्तर_प्रदेश,http://twitter.com/search?q=%23%E0%A4%A4%E0%A4%A1%E0%A4%BC%E0%A4%AA%E0%A4%A4%E0%A4%BE_%E0%A4%89%E0%A4%A4%E0%A5%8D%E0%A4%A4%E0%A4%B0_%E0%A4%AA%E0%A5%8D%E0%A4%B0%E0%A4%A6%E0%A5%87%E0%A4%B6,,%23%E0%A4%A4%E0%A4%A1%E0%A4%BC%E0%A4%AA%E0%A4%A4%E0%A4%BE_%E0%A4%89%E0%A4%A4%E0%A5%8D%E0%A4%A4%E0%A4%B0_%E0%A4%AA%E0%A5%8D%E0%A4%B0%E0%A4%A6%E0%A5%87%E0%A4%B6,,India,IN,2021-04-18T08:04:54Z,2021-04-16T11:12:03Z
46,#SuperSpreaderModi,http://twitter.com/search?q=%23SuperSpreaderModi,,%23SuperSpreaderModi,32832.0,India,IN,2021-04-18T08:04:54Z,2021-04-16T11:12:03Z
47,#श्मशान_मंत्री_मोदी,http://twitter.com/search?q=%23%E0%A4%B6%E0%A5%8D%E0%A4%AE%E0%A4%B6%E0%A4%BE%E0%A4%A8_%E0%A4%AE%E0%A4%82%E0%A4%A4%E0%A5%8D%E0%A4%B0%E0%A5%80_%E0%A4%AE%E0%A5%8B%E0%A4%A6%E0%A5%80,,%23%E0%A4%B6%E0%A5%8D%E0%A4%AE%E0%A4%B6%E0%A4%BE%E0%A4%A8_%E0%A4%AE%E0%A4%82%E0%A4%A4%E0%A5%8D%E0%A4%B0%E0%A5%80_%E0%A4%AE%E0%A5%8B%E0%A4%A6%E0%A5%80,,India,IN,2021-04-18T08:04:54Z,2021-04-16T11:12:03Z
48,#askchairman,http://twitter.com/search?q=%23askchairman,,%23askchairman,,India,IN,2021-04-18T08:04:54Z,2021-04-16T11:12:03Z
49,#TXT_TheDoomsNight,http://twitter.com/search?q=%23TXT_TheDoomsNight,,%23TXT_TheDoomsNight,226738.0,India,IN,2021-04-18T08:04:54Z,2021-04-16T11:12:03Z
50,#RahulVaidya,http://twitter.com/search?q=%23RahulVaidya,,%23RahulVaidya,36977.0,Mumbai,IN,2021-04-18T08:04:55Z,2021-04-16T11:12:03Z
51,Shame,http://twitter.com/search?q=Shame,,Shame,151607.0,Mumbai,IN,2021-04-18T08:04:55Z,2021-04-16T11:12:03Z
52,Om Shanti,http://twitter.com/search?q=%22Om+Shanti%22,,%22Om+Shanti%22,11277.0,Mumbai,IN,2021-04-18T08:04:55Z,2021-04-16T11:12:03Z
53,#WorldHeritageDay,http://twitter.com/search?q=%23WorldHeritageDay,,%23WorldHeritageDay,10264.0,Mumbai,IN,2021-04-18T08:04:55Z,2021-04-16T11:12:03Z
54,#MyLeaderRahulGandhi,http://twitter.com/search?q=%23MyLeaderRahulGandhi,,%23MyLeaderRahulGandhi,,Mumbai,IN,2021-04-18T08:04:55Z,2021-04-16T11:12:03Z
55,CBI Give Update On SSR Case,http://twitter.com/search?q=%22CBI+Give+Update+On+SSR+Case%22,,%22CBI+Give+Update+On+SSR+Case%22,66246.0,Mumbai,IN,2021-04-18T08:04:55Z,2021-04-16T11:12:03Z
56,#HappyBirthdayKLRahul,http://twitter.com/search?q=%23HappyBirthdayKLRahul,,%23HappyBirthdayKLRahul,10421.0,Mumbai,IN,2021-04-18T08:04:55Z,2021-04-16T11:12:03Z
57,PANI DI GAL HITS 50M,http://twitter.com/search?q=%22PANI+DI+GAL+HITS+50M%22,,%22PANI+DI+GAL+HITS+50M%22,24879.0,Mumbai,IN,2021-04-18T08:04:55Z,2021-04-16T11:12:03Z
58,#sundayvibes,http://twitter.com/search?q=%23sundayvibes,,%23sundayvibes,19538.0,Mumbai,IN,2021-04-18T08:04:55Z,2021-04-16T11:12:03Z
59,Many Legacies One Destination,http://twitter.com/search?q=%22Many+Legacies+One+Destination%22,,%22Many+Legacies+One+Destination%22,,Mumbai,IN,2021-04-18T08:04:55Z,2021-04-16T11:12:03Z
60,Fadnavis,http://twitter.com/search?q=Fadnavis,,Fadnavis,73991.0,Mumbai,IN,2021-04-18T08:04:55Z,2021-04-16T11:12:03Z
61,rubika ji,http://twitter.com/search?q=%22rubika+ji%22,,%22rubika+ji%22,,Mumbai,IN,2021-04-18T08:04:55Z,2021-04-16T11:12:03Z
62,100 ICU,http://twitter.com/search?q=%22100+ICU%22,,%22100+ICU%22,,Mumbai,IN,2021-04-18T08:04:55Z,2021-04-16T11:12:03Z
63,POWER COUPLE RUBINAV,http://twitter.com/search?q=%22POWER+COUPLE+RUBINAV%22,,%22POWER+COUPLE+RUBINAV%22,57995.0,Mumbai,IN,2021-04-18T08:04:55Z,2021-04-16T11:12:03Z
64,Jake Paul,http://twitter.com/search?q=%22Jake+Paul%22,,%22Jake+Paul%22,295632.0,Mumbai,IN,2021-04-18T08:04:55Z,2021-04-16T11:12:03Z
65,CHAOS AWAITS THE NIGHT OF DOOM,http://twitter.com/search?q=%22CHAOS+AWAITS+THE+NIGHT+OF+DOOM%22,,%22CHAOS+AWAITS+THE+NIGHT+OF+DOOM%22,150940.0,Mumbai,IN,2021-04-18T08:04:55Z,2021-04-16T11:12:03Z
66,तात्या टोपे,http://twitter.com/search?q=%22%E0%A4%A4%E0%A4%BE%E0%A4%A4%E0%A5%8D%E0%A4%AF%E0%A4%BE+%E0%A4%9F%E0%A5%8B%E0%A4%AA%E0%A5%87%22,,%22%E0%A4%A4%E0%A4%BE%E0%A4%A4%E0%A5%8D%E0%A4%AF%E0%A4%BE+%E0%A4%9F%E0%A5%8B%E0%A4%AA%E0%A5%87%22,,Mumbai,IN,2021-04-18T08:04:55Z,2021-04-16T11:12:03Z
67,Rahul ji,http://twitter.com/search?q=%22Rahul+ji%22,,%22Rahul+ji%22,,Mumbai,IN,2021-04-18T08:04:55Z,2021-04-16T11:12:03Z
68,Leading,http://twitter.com/search?q=Leading,,Leading,65161.0,Mumbai,IN,2021-04-18T08:04:55Z,2021-04-16T11:12:03Z
69,Complex Pasts,http://twitter.com/search?q=%22Complex+Pasts%22,,%22Complex+Pasts%22,,Mumbai,IN,2021-04-18T08:04:55Z,2021-04-16T11:12:03Z
70,प्रथम स्वतंत्रता संग्राम,http://twitter.com/search?q=%22%E0%A4%AA%E0%A5%8D%E0%A4%B0%E0%A4%A5%E0%A4%AE+%E0%A4%B8%E0%A5%8D%E0%A4%B5%E0%A4%A4%E0%A4%82%E0%A4%A4%E0%A5%8D%E0%A4%B0%E0%A4%A4%E0%A4%BE+%E0%A4%B8%E0%A4%82%E0%A4%97%E0%A5%8D%E0%A4%B0%E0%A4%BE%E0%A4%AE%22,,%22%E0%A4%AA%E0%A5%8D%E0%A4%B0%E0%A4%A5%E0%A4%AE+%E0%A4%B8%E0%A5%8D%E0%A4%B5%E0%A4%A4%E0%A4%82%E0%A4%A4%E0%A5%8D%E0%A4%B0%E0%A4%A4%E0%A4%BE+%E0%A4%B8%E0%A4%82%E0%A4%97%E0%A5%8D%E0%A4%B0%E0%A4%BE%E0%A4%AE%22,,Mumbai,IN,2021-04-18T08:04:55Z,2021-04-16T11:12:03Z
71,Mumbai Police,http://twitter.com/search?q=%22Mumbai+Police%22,,%22Mumbai+Police%22,17927.0,Mumbai,IN,2021-04-18T08:04:55Z,2021-04-16T11:12:03Z
72,lok sant,http://twitter.com/search?q=%22lok+sant%22,,%22lok+sant%22,52443.0,Mumbai,IN,2021-04-18T08:04:55Z,2021-04-16T11:12:03Z
73,Bruck Pharma,http://twitter.com/search?q=%22Bruck+Pharma%22,,%22Bruck+Pharma%22,21151.0,Mumbai,IN,2021-04-18T08:04:55Z,2021-04-16T11:12:03Z
74,Rally,http://twitter.com/search?q=Rally,,Rally,72545.0,Mumbai,IN,2021-04-18T08:04:55Z,2021-04-16T11:12:03Z
75,Sahil,http://twitter.com/search?q=Sahil,,Sahil,,Mumbai,IN,2021-04-18T08:04:55Z,2021-04-16T11:12:03Z
76,Varanasi,http://twitter.com/search?q=Varanasi,,Varanasi,16289.0,Mumbai,IN,2021-04-18T08:04:55Z,2021-04-16T11:12:03Z
77,Ghaziabad,http://twitter.com/search?q=Ghaziabad,,Ghaziabad,,Mumbai,IN,2021-04-18T08:04:55Z,2021-04-16T11:12:03Z
78,PM of India,http://twitter.com/search?q=%22PM+of+India%22,,%22PM+of+India%22,26917.0,Mumbai,IN,2021-04-18T08:04:55Z,2021-04-16T11:12:03Z
79,suprabhat,http://twitter.com/search?q=suprabhat,,suprabhat,,Mumbai,IN,2021-04-18T08:04:55Z,2021-04-16T11:12:03Z
80,प्रचार मंत्री,http://twitter.com/search?q=%22%E0%A4%AA%E0%A5%8D%E0%A4%B0%E0%A4%9A%E0%A4%BE%E0%A4%B0+%E0%A4%AE%E0%A4%82%E0%A4%A4%E0%A5%8D%E0%A4%B0%E0%A5%80%22,,%22%E0%A4%AA%E0%A5%8D%E0%A4%B0%E0%A4%9A%E0%A4%BE%E0%A4%B0+%E0%A4%AE%E0%A4%82%E0%A4%A4%E0%A5%8D%E0%A4%B0%E0%A5%80%22,,Mumbai,IN,2021-04-18T08:04:55Z,2021-04-16T11:12:03Z
81,Sanatan Dharma,http://twitter.com/search?q=%22Sanatan+Dharma%22,,%22Sanatan+Dharma%22,34669.0,Mumbai,IN,2021-04-18T08:04:55Z,2021-04-16T11:12:03Z
82,Patna,http://twitter.com/search?q=Patna,,Patna,13041.0,Mumbai,IN,2021-04-18T08:04:55Z,2021-04-16T11:12:03Z
83,Central Govt,http://twitter.com/search?q=%22Central+Govt%22,,%22Central+Govt%22,16185.0,Mumbai,IN,2021-04-18T08:04:55Z,2021-04-16T11:12:03Z
84,Deepest,http://twitter.com/search?q=Deepest,,Deepest,27524.0,Mumbai,IN,2021-04-18T08:04:55Z,2021-04-16T11:12:03Z
85,#POSTPONE_SSC_CHSL,http://twitter.com/search?q=%23POSTPONE_SSC_CHSL,,%23POSTPONE_SSC_CHSL,301530.0,Mumbai,IN,2021-04-18T08:04:55Z,2021-04-16T11:12:03Z
86,#FarmerLivesMatter,http://twitter.com/search?q=%23FarmerLivesMatter,,%23FarmerLivesMatter,87452.0,Mumbai,IN,2021-04-18T08:04:55Z,2021-04-16T11:12:03Z
87,#RCBvKKR,http://twitter.com/search?q=%23RCBvKKR,,%23RCBvKKR,,Mumbai,IN,2021-04-18T08:04:55Z,2021-04-16T11:12:03Z
88,#MadhanyaOutNow,http://twitter.com/search?q=%23MadhanyaOutNow,,%23MadhanyaOutNow,23279.0,Mumbai,IN,2021-04-18T08:04:55Z,2021-04-16T11:12:03Z
89,#IntoTheFuture,http://twitter.com/search?q=%23IntoTheFuture,,%23IntoTheFuture,,Mumbai,IN,2021-04-18T08:04:55Z,2021-04-16T11:12:03Z
90,#EbarBJPSorkar,http://twitter.com/search?q=%23EbarBJPSorkar,,%23EbarBJPSorkar,28727.0,Mumbai,IN,2021-04-18T08:04:55Z,2021-04-16T11:12:03Z
91,#TamilGenocideRemembranceMonth,http://twitter.com/search?q=%23TamilGenocideRemembranceMonth,,%23TamilGenocideRemembranceMonth,12022.0,Mumbai,IN,2021-04-18T08:04:55Z,2021-04-16T11:12:03Z
92,#JEEMains2021,http://twitter.com/search?q=%23JEEMains2021,,%23JEEMains2021,,Mumbai,IN,2021-04-18T08:04:55Z,2021-04-16T11:12:03Z
93,#AlyGoniIsAGem,http://twitter.com/search?q=%23AlyGoniIsAGem,,%23AlyGoniIsAGem,,Mumbai,IN,2021-04-18T08:04:55Z,2021-04-16T11:12:03Z
94,#declare_cho_final_list,http://twitter.com/search?q=%23declare_cho_final_list,,%23declare_cho_final_list,40430.0,Mumbai,IN,2021-04-18T08:04:55Z,2021-04-16T11:12:03Z
95,#जनता_त्रस्त_मोदी_मस्त,http://twitter.com/search?q=%23%E0%A4%9C%E0%A4%A8%E0%A4%A4%E0%A4%BE_%E0%A4%A4%E0%A5%8D%E0%A4%B0%E0%A4%B8%E0%A5%8D%E0%A4%A4_%E0%A4%AE%E0%A5%8B%E0%A4%A6%E0%A5%80_%E0%A4%AE%E0%A4%B8%E0%A5%8D%E0%A4%A4,,%23%E0%A4%9C%E0%A4%A8%E0%A4%A4%E0%A4%BE_%E0%A4%A4%E0%A5%8D%E0%A4%B0%E0%A4%B8%E0%A5%8D%E0%A4%A4_%E0%A4%AE%E0%A5%8B%E0%A4%A6%E0%A5%80_%E0%A4%AE%E0%A4%B8%E0%A5%8D%E0%A4%A4,,Mumbai,IN,2021-04-18T08:04:55Z,2021-04-16T11:12:03Z
96,#SuperSpreaderModi,http://twitter.com/search?q=%23SuperSpreaderModi,,%23SuperSpreaderModi,32832.0,Mumbai,IN,2021-04-18T08:04:55Z,2021-04-16T11:12:03Z
97,#BJYMCares,http://twitter.com/search?q=%23BJYMCares,,%23BJYMCares,18974.0,Mumbai,IN,2021-04-18T08:04:55Z,2021-04-16T11:12:03Z
98,#SundayThoughts,http://twitter.com/search?q=%23SundayThoughts,,%23SundayThoughts,13058.0,Mumbai,IN,2021-04-18T08:04:55Z,2021-04-16T11:12:03Z
99,#तड़पता_उत्तर_प्रदेश,http://twitter.com/search?q=%23%E0%A4%A4%E0%A4%A1%E0%A4%BC%E0%A4%AA%E0%A4%A4%E0%A4%BE_%E0%A4%89%E0%A4%A4%E0%A5%8D%E0%A4%A4%E0%A4%B0_%E0%A4%AA%E0%A5%8D%E0%A4%B0%E0%A4%A6%E0%A5%87%E0%A4%B6,,%23%E0%A4%A4%E0%A4%A1%E0%A4%BC%E0%A4%AA%E0%A4%A4%E0%A4%BE_%E0%A4%89%E0%A4%A4%E0%A5%8D%E0%A4%A4%E0%A4%B0_%E0%A4%AA%E0%A5%8D%E0%A4%B0%E0%A4%A6%E0%A5%87%E0%A4%B6,,Mumbai,IN,2021-04-18T08:04:55Z,2021-04-16T11:12:03Z
100,#TamilGenocideRemembranceMonth,http://twitter.com/search?q=%23TamilGenocideRemembranceMonth,,%23TamilGenocideRemembranceMonth,12022.0,Chennai,IN,2021-04-18T08:04:56Z,2021-04-16T11:12:03Z
101,#CoronaSecondWave,http://twitter.com/search?q=%23CoronaSecondWave,,%23CoronaSecondWave,31755.0,Chennai,IN,2021-04-18T08:04:56Z,2021-04-16T11:12:03Z
102,Bengal,http://twitter.com/search?q=Bengal,,Bengal,161960.0,Chennai,IN,2021-04-18T08:04:56Z,2021-04-16T11:12:03Z
103,#COVID19India,http://twitter.com/search?q=%23COVID19India,,%23COVID19India,60435.0,Chennai,IN,2021-04-18T08:04:56Z,2021-04-16T11:12:03Z
104,CBI Give Update On SSR Case,http://twitter.com/search?q=%22CBI+Give+Update+On+SSR+Case%22,,%22CBI+Give+Update+On+SSR+Case%22,66246.0,Chennai,IN,2021-04-18T08:04:56Z,2021-04-16T11:12:03Z
105,PANI DI GAL HITS 50M,http://twitter.com/search?q=%22PANI+DI+GAL+HITS+50M%22,,%22PANI+DI+GAL+HITS+50M%22,24879.0,Chennai,IN,2021-04-18T08:04:56Z,2021-04-16T11:12:03Z
106,Many Legacies One Destination,http://twitter.com/search?q=%22Many+Legacies+One+Destination%22,,%22Many+Legacies+One+Destination%22,,Chennai,IN,2021-04-18T08:04:56Z,2021-04-16T11:12:03Z
107,Fadnavis,http://twitter.com/search?q=Fadnavis,,Fadnavis,73991.0,Chennai,IN,2021-04-18T08:04:56Z,2021-04-16T11:12:03Z
108,rubika ji,http://twitter.com/search?q=%22rubika+ji%22,,%22rubika+ji%22,,Chennai,IN,2021-04-18T08:04:56Z,2021-04-16T11:12:03Z
109,100 ICU,http://twitter.com/search?q=%22100+ICU%22,,%22100+ICU%22,,Chennai,IN,2021-04-18T08:04:56Z,2021-04-16T11:12:03Z
110,POWER COUPLE RUBINAV,http://twitter.com/search?q=%22POWER+COUPLE+RUBINAV%22,,%22POWER+COUPLE+RUBINAV%22,57556.0,Chennai,IN,2021-04-18T08:04:56Z,2021-04-16T11:12:03Z
111,Jake Paul,http://twitter.com/search?q=%22Jake+Paul%22,,%22Jake+Paul%22,295632.0,Chennai,IN,2021-04-18T08:04:56Z,2021-04-16T11:12:03Z
112,CHAOS AWAITS THE NIGHT OF DOOM,http://twitter.com/search?q=%22CHAOS+AWAITS+THE+NIGHT+OF+DOOM%22,,%22CHAOS+AWAITS+THE+NIGHT+OF+DOOM%22,150940.0,Chennai,IN,2021-04-18T08:04:56Z,2021-04-16T11:12:03Z
113,तात्या टोपे,http://twitter.com/search?q=%22%E0%A4%A4%E0%A4%BE%E0%A4%A4%E0%A5%8D%E0%A4%AF%E0%A4%BE+%E0%A4%9F%E0%A5%8B%E0%A4%AA%E0%A5%87%22,,%22%E0%A4%A4%E0%A4%BE%E0%A4%A4%E0%A5%8D%E0%A4%AF%E0%A4%BE+%E0%A4%9F%E0%A5%8B%E0%A4%AA%E0%A5%87%22,,Chennai,IN,2021-04-18T08:04:56Z,2021-04-16T11:12:03Z
114,Rahul ji,http://twitter.com/search?q=%22Rahul+ji%22,,%22Rahul+ji%22,,Chennai,IN,2021-04-18T08:04:56Z,2021-04-16T11:12:03Z
115,Leading,http://twitter.com/search?q=Leading,,Leading,65192.0,Chennai,IN,2021-04-18T08:04:56Z,2021-04-16T11:12:03Z
116,Complex Pasts,http://twitter.com/search?q=%22Complex+Pasts%22,,%22Complex+Pasts%22,,Chennai,IN,2021-04-18T08:04:56Z,2021-04-16T11:12:03Z
117,प्रथम स्वतंत्रता संग्राम,http://twitter.com/search?q=%22%E0%A4%AA%E0%A5%8D%E0%A4%B0%E0%A4%A5%E0%A4%AE+%E0%A4%B8%E0%A5%8D%E0%A4%B5%E0%A4%A4%E0%A4%82%E0%A4%A4%E0%A5%8D%E0%A4%B0%E0%A4%A4%E0%A4%BE+%E0%A4%B8%E0%A4%82%E0%A4%97%E0%A5%8D%E0%A4%B0%E0%A4%BE%E0%A4%AE%22,,%22%E0%A4%AA%E0%A5%8D%E0%A4%B0%E0%A4%A5%E0%A4%AE+%E0%A4%B8%E0%A5%8D%E0%A4%B5%E0%A4%A4%E0%A4%82%E0%A4%A4%E0%A5%8D%E0%A4%B0%E0%A4%A4%E0%A4%BE+%E0%A4%B8%E0%A4%82%E0%A4%97%E0%A5%8D%E0%A4%B0%E0%A4%BE%E0%A4%AE%22,,Chennai,IN,2021-04-18T08:04:56Z,2021-04-16T11:12:03Z
118,Mumbai Police,http://twitter.com/search?q=%22Mumbai+Police%22,,%22Mumbai+Police%22,17883.0,Chennai,IN,2021-04-18T08:04:56Z,2021-04-16T11:12:03Z
119,lok sant,http://twitter.com/search?q=%22lok+sant%22,,%22lok+sant%22,52482.0,Chennai,IN,2021-04-18T08:04:56Z,2021-04-16T11:12:03Z
120,Bruck Pharma,http://twitter.com/search?q=%22Bruck+Pharma%22,,%22Bruck+Pharma%22,21182.0,Chennai,IN,2021-04-18T08:04:56Z,2021-04-16T11:12:03Z
121,Rally,http://twitter.com/search?q=Rally,,Rally,72545.0,Chennai,IN,2021-04-18T08:04:56Z,2021-04-16T11:12:03Z
122,Sahil,http://twitter.com/search?q=Sahil,,Sahil,,Chennai,IN,2021-04-18T08:04:56Z,2021-04-16T11:12:03Z
123,Varanasi,http://twitter.com/search?q=Varanasi,,Varanasi,16289.0,Chennai,IN,2021-04-18T08:04:56Z,2021-04-16T11:12:03Z
124,Ghaziabad,http://twitter.com/search?q=Ghaziabad,,Ghaziabad,,Chennai,IN,2021-04-18T08:04:56Z,2021-04-16T11:12:03Z
125,PM of India,http://twitter.com/search?q=%22PM+of+India%22,,%22PM+of+India%22,26917.0,Chennai,IN,2021-04-18T08:04:56Z,2021-04-16T11:12:03Z
126,suprabhat,http://twitter.com/search?q=suprabhat,,suprabhat,,Chennai,IN,2021-04-18T08:04:56Z,2021-04-16T11:12:03Z
127,प्रचार मंत्री,http://twitter.com/search?q=%22%E0%A4%AA%E0%A5%8D%E0%A4%B0%E0%A4%9A%E0%A4%BE%E0%A4%B0+%E0%A4%AE%E0%A4%82%E0%A4%A4%E0%A5%8D%E0%A4%B0%E0%A5%80%22,,%22%E0%A4%AA%E0%A5%8D%E0%A4%B0%E0%A4%9A%E0%A4%BE%E0%A4%B0+%E0%A4%AE%E0%A4%82%E0%A4%A4%E0%A5%8D%E0%A4%B0%E0%A5%80%22,,Chennai,IN,2021-04-18T08:04:56Z,2021-04-16T11:12:03Z
128,Sanatan Dharma,http://twitter.com/search?q=%22Sanatan+Dharma%22,,%22Sanatan+Dharma%22,34669.0,Chennai,IN,2021-04-18T08:04:56Z,2021-04-16T11:12:03Z
129,Patna,http://twitter.com/search?q=Patna,,Patna,13020.0,Chennai,IN,2021-04-18T08:04:56Z,2021-04-16T11:12:03Z
130,Central Govt,http://twitter.com/search?q=%22Central+Govt%22,,%22Central+Govt%22,16185.0,Chennai,IN,2021-04-18T08:04:56Z,2021-04-16T11:12:03Z
131,Deepest,http://twitter.com/search?q=Deepest,,Deepest,27524.0,Chennai,IN,2021-04-18T08:04:56Z,2021-04-16T11:12:03Z
132,#ModiMadeDisaster,http://twitter.com/search?q=%23ModiMadeDisaster,,%23ModiMadeDisaster,100428.0,Chennai,IN,2021-04-18T08:04:56Z,2021-04-16T11:12:03Z
133,#WorldHeritageDay,http://twitter.com/search?q=%23WorldHeritageDay,,%23WorldHeritageDay,10264.0,Chennai,IN,2021-04-18T08:04:56Z,2021-04-16T11:12:03Z
134,#MyLeaderRahulGandhi,http://twitter.com/search?q=%23MyLeaderRahulGandhi,,%23MyLeaderRahulGandhi,,Chennai,IN,2021-04-18T08:04:56Z,2021-04-16T11:12:03Z
135,#HappyBirthdayKLRahul,http://twitter.com/search?q=%23HappyBirthdayKLRahul,,%23HappyBirthdayKLRahul,10421.0,Chennai,IN,2021-04-18T08:04:56Z,2021-04-16T11:12:03Z
136,#sundayvibes,http://twitter.com/search?q=%23sundayvibes,,%23sundayvibes,19538.0,Chennai,IN,2021-04-18T08:04:56Z,2021-04-16T11:12:03Z
137,#POSTPONE_SSC_CHSL,http://twitter.com/search?q=%23POSTPONE_SSC_CHSL,,%23POSTPONE_SSC_CHSL,302652.0,Chennai,IN,2021-04-18T08:04:56Z,2021-04-16T11:12:03Z
138,#FarmerLivesMatter,http://twitter.com/search?q=%23FarmerLivesMatter,,%23FarmerLivesMatter,87452.0,Chennai,IN,2021-04-18T08:04:56Z,2021-04-16T11:12:03Z
139,#RCBvKKR,http://twitter.com/search?q=%23RCBvKKR,,%23RCBvKKR,,Chennai,IN,2021-04-18T08:04:56Z,2021-04-16T11:12:03Z
140,#MadhanyaOutNow,http://twitter.com/search?q=%23MadhanyaOutNow,,%23MadhanyaOutNow,23161.0,Chennai,IN,2021-04-18T08:04:56Z,2021-04-16T11:12:03Z
141,#EbarBJPSorkar,http://twitter.com/search?q=%23EbarBJPSorkar,,%23EbarBJPSorkar,28727.0,Chennai,IN,2021-04-18T08:04:56Z,2021-04-16T11:12:03Z
142,#IntoTheFuture,http://twitter.com/search?q=%23IntoTheFuture,,%23IntoTheFuture,,Chennai,IN,2021-04-18T08:04:56Z,2021-04-16T11:12:03Z
143,#JEEMains2021,http://twitter.com/search?q=%23JEEMains2021,,%23JEEMains2021,,Chennai,IN,2021-04-18T08:04:56Z,2021-04-16T11:12:03Z
144,#AlyGoniIsAGem,http://twitter.com/search?q=%23AlyGoniIsAGem,,%23AlyGoniIsAGem,,Chennai,IN,2021-04-18T08:04:56Z,2021-04-16T11:12:03Z
145,#declare_cho_final_list,http://twitter.com/search?q=%23declare_cho_final_list,,%23declare_cho_final_list,40430.0,Chennai,IN,2021-04-18T08:04:56Z,2021-04-16T11:12:03Z
146,#जनता_त्रस्त_मोदी_मस्त,http://twitter.com/search?q=%23%E0%A4%9C%E0%A4%A8%E0%A4%A4%E0%A4%BE_%E0%A4%A4%E0%A5%8D%E0%A4%B0%E0%A4%B8%E0%A5%8D%E0%A4%A4_%E0%A4%AE%E0%A5%8B%E0%A4%A6%E0%A5%80_%E0%A4%AE%E0%A4%B8%E0%A5%8D%E0%A4%A4,,%23%E0%A4%9C%E0%A4%A8%E0%A4%A4%E0%A4%BE_%E0%A4%A4%E0%A5%8D%E0%A4%B0%E0%A4%B8%E0%A5%8D%E0%A4%A4_%E0%A4%AE%E0%A5%8B%E0%A4%A6%E0%A5%80_%E0%A4%AE%E0%A4%B8%E0%A5%8D%E0%A4%A4,,Chennai,IN,2021-04-18T08:04:56Z,2021-04-16T11:12:03Z
147,#BJYMCares,http://twitter.com/search?q=%23BJYMCares,,%23BJYMCares,18974.0,Chennai,IN,2021-04-18T08:04:56Z,2021-04-16T11:12:03Z
148,エフフォーリア,http://twitter.com/search?q=%E3%82%A8%E3%83%95%E3%83%95%E3%82%A9%E3%83%BC%E3%83%AA%E3%82%A2,,%E3%82%A8%E3%83%95%E3%83%95%E3%82%A9%E3%83%BC%E3%83%AA%E3%82%A2,87842.0,Worldwide,WW,2021-04-18T08:04:57Z,2021-04-16T11:12:03Z
149,Jake Paul,http://twitter.com/search?q=%22Jake+Paul%22,,%22Jake+Paul%22,295632.0,Worldwide,WW,2021-04-18T08:04:57Z,2021-04-16T11:12:03Z
150,#TXT_TheDoomsNight,http://twitter.com/search?q=%23TXT_TheDoomsNight,,%23TXT_TheDoomsNight,226738.0,Worldwide,WW,2021-04-18T08:04:57Z,2021-04-16T11:12:03Z
151,#皐月賞,http://twitter.com/search?q=%23%E7%9A%90%E6%9C%88%E8%B3%9E,,%23%E7%9A%90%E6%9C%88%E8%B3%9E,62587.0,Worldwide,WW,2021-04-18T08:04:57Z,2021-04-16T11:12:03Z
152,#ノギザカスキッツLIVE,http://twitter.com/search?q=%23%E3%83%8E%E3%82%AE%E3%82%B6%E3%82%AB%E3%82%B9%E3%82%AD%E3%83%83%E3%83%84LIVE,,%23%E3%83%8E%E3%82%AE%E3%82%B6%E3%82%AB%E3%82%B9%E3%82%AD%E3%83%83%E3%83%84LIVE,31337.0,Worldwide,WW,2021-04-18T08:04:57Z,2021-04-16T11:12:03Z
153,ダノンザキッド,http://twitter.com/search?q=%E3%83%80%E3%83%8E%E3%83%B3%E3%82%B6%E3%82%AD%E3%83%83%E3%83%89,,%E3%83%80%E3%83%8E%E3%83%B3%E3%82%B6%E3%82%AD%E3%83%83%E3%83%89,42524.0,Worldwide,WW,2021-04-18T08:04:57Z,2021-04-16T11:12:03Z
154,CHAOS AWAITS THE NIGHT OF DOOM,http://twitter.com/search?q=%22CHAOS+AWAITS+THE+NIGHT+OF+DOOM%22,,%22CHAOS+AWAITS+THE+NIGHT+OF+DOOM%22,150940.0,Worldwide,WW,2021-04-18T08:04:57Z,2021-04-16T11:12:03Z
155,タイトルホルダー,http://twitter.com/search?q=%E3%82%BF%E3%82%A4%E3%83%88%E3%83%AB%E3%83%9B%E3%83%AB%E3%83%80%E3%83%BC,,%E3%82%BF%E3%82%A4%E3%83%88%E3%83%AB%E3%83%9B%E3%83%AB%E3%83%80%E3%83%BC,27715.0,Worldwide,WW,2021-04-18T08:04:57Z,2021-04-16T11:12:03Z
156,#虎バン,http://twitter.com/search?q=%23%E8%99%8E%E3%83%90%E3%83%B3,,%23%E8%99%8E%E3%83%90%E3%83%B3,16063.0,Worldwide,WW,2021-04-18T08:04:57Z,2021-04-16T11:12:03Z
157,引き分け,http://twitter.com/search?q=%E5%BC%95%E3%81%8D%E5%88%86%E3%81%91,,%E5%BC%95%E3%81%8D%E5%88%86%E3%81%91,,Worldwide,WW,2021-04-18T08:04:57Z,2021-04-16T11:12:03Z
158,#TOMORROW_X_TOGETHER,http://twitter.com/search?q=%23TOMORROW_X_TOGETHER,,%23TOMORROW_X_TOGETHER,279639.0,Worldwide,WW,2021-04-18T08:04:57Z,2021-04-16T11:12:03Z
159,ダービー,http://twitter.com/search?q=%E3%83%80%E3%83%BC%E3%83%93%E3%83%BC,,%E3%83%80%E3%83%BC%E3%83%93%E3%83%BC,17795.0,Worldwide,WW,2021-04-18T08:04:57Z,2021-04-16T11:12:03Z
160,ステラヴェローチェ,http://twitter.com/search?q=%E3%82%B9%E3%83%86%E3%83%A9%E3%83%B4%E3%82%A7%E3%83%AD%E3%83%BC%E3%83%81%E3%82%A7,,%E3%82%B9%E3%83%86%E3%83%A9%E3%83%B4%E3%82%A7%E3%83%AD%E3%83%BC%E3%83%81%E3%82%A7,18771.0,Worldwide,WW,2021-04-18T08:04:57Z,2021-04-16T11:12:03Z
161,わしほー,http://twitter.com/search?q=%E3%82%8F%E3%81%97%E3%81%BB%E3%83%BC,,%E3%82%8F%E3%81%97%E3%81%BB%E3%83%BC,,Worldwide,WW,2021-04-18T08:04:57Z,2021-04-16T11:12:03Z
162,わけほー,http://twitter.com/search?q=%E3%82%8F%E3%81%91%E3%81%BB%E3%83%BC,,%E3%82%8F%E3%81%91%E3%81%BB%E3%83%BC,,Worldwide,WW,2021-04-18T08:04:57Z,2021-04-16T11:12:03Z
163,Snoop,http://twitter.com/search?q=Snoop,,Snoop,40021.0,Worldwide,WW,2021-04-18T08:04:57Z,2021-04-16T11:12:03Z
164,まりほー,http://twitter.com/search?q=%E3%81%BE%E3%82%8A%E3%81%BB%E3%83%BC,,%E3%81%BE%E3%82%8A%E3%81%BB%E3%83%BC,,Worldwide,WW,2021-04-18T08:04:57Z,2021-04-16T11:12:03Z
165,横山武史,http://twitter.com/search?q=%E6%A8%AA%E5%B1%B1%E6%AD%A6%E5%8F%B2,,%E6%A8%AA%E5%B1%B1%E6%AD%A6%E5%8F%B2,21441.0,Worldwide,WW,2021-04-18T08:04:57Z,2021-04-16T11:12:03Z
166,LOVELY MC JIHOON,http://twitter.com/search?q=%22LOVELY+MC+JIHOON%22,,%22LOVELY+MC+JIHOON%22,49460.0,Worldwide,WW,2021-04-18T08:04:57Z,2021-04-16T11:12:03Z
167,Whittaker,http://twitter.com/search?q=Whittaker,,Whittaker,18587.0,Worldwide,WW,2021-04-18T08:04:57Z,2021-04-16T11:12:03Z
168,Indio,http://twitter.com/search?q=Indio,,Indio,42876.0,Worldwide,WW,2021-04-18T08:04:57Z,2021-04-16T11:12:03Z
169,ガンケル,http://twitter.com/search?q=%E3%82%AC%E3%83%B3%E3%82%B1%E3%83%AB,,%E3%82%AC%E3%83%B3%E3%82%B1%E3%83%AB,,Worldwide,WW,2021-04-18T08:04:57Z,2021-04-16T11:12:03Z
170,中山の直線,http://twitter.com/search?q=%E4%B8%AD%E5%B1%B1%E3%81%AE%E7%9B%B4%E7%B7%9A,,%E4%B8%AD%E5%B1%B1%E3%81%AE%E7%9B%B4%E7%B7%9A,,Worldwide,WW,2021-04-18T08:04:57Z,2021-04-16T11:12:03Z
171,スクイズ,http://twitter.com/search?q=%E3%82%B9%E3%82%AF%E3%82%A4%E3%82%BA,,%E3%82%B9%E3%82%AF%E3%82%A4%E3%82%BA,,Worldwide,WW,2021-04-18T08:04:57Z,2021-04-16T11:12:03Z
172,横山騎手,http://twitter.com/search?q=%E6%A8%AA%E5%B1%B1%E9%A8%8E%E6%89%8B,,%E6%A8%AA%E5%B1%B1%E9%A8%8E%E6%89%8B,17011.0,Worldwide,WW,2021-04-18T08:04:57Z,2021-04-16T11:12:03Z
173,早川くん,http://twitter.com/search?q=%E6%97%A9%E5%B7%9D%E3%81%8F%E3%82%93,,%E6%97%A9%E5%B7%9D%E3%81%8F%E3%82%93,,Worldwide,WW,2021-04-18T08:04:57Z,2021-04-16T11:12:03Z
174,ビエイラ,http://twitter.com/search?q=%E3%83%93%E3%82%A8%E3%82%A4%E3%83%A9,,%E3%83%93%E3%82%A8%E3%82%A4%E3%83%A9,,Worldwide,WW,2021-04-18T08:04:57Z,2021-04-16T11:12:03Z
175,ヴィクティファルス,http://twitter.com/search?q=%E3%83%B4%E3%82%A3%E3%82%AF%E3%83%86%E3%82%A3%E3%83%95%E3%82%A1%E3%83%AB%E3%82%B9,,%E3%83%B4%E3%82%A3%E3%82%AF%E3%83%86%E3%82%A3%E3%83%95%E3%82%A1%E3%83%AB%E3%82%B9,12025.0,Worldwide,WW,2021-04-18T08:04:57Z,2021-04-16T11:12:03Z
176,ラーゴム,http://twitter.com/search?q=%E3%83%A9%E3%83%BC%E3%82%B4%E3%83%A0,,%E3%83%A9%E3%83%BC%E3%82%B4%E3%83%A0,12928.0,Worldwide,WW,2021-04-18T08:04:57Z,2021-04-16T11:12:03Z
177,ヨーホーレイク,http://twitter.com/search?q=%E3%83%A8%E3%83%BC%E3%83%9B%E3%83%BC%E3%83%AC%E3%82%A4%E3%82%AF,,%E3%83%A8%E3%83%BC%E3%83%9B%E3%83%BC%E3%83%AC%E3%82%A4%E3%82%AF,,Worldwide,WW,2021-04-18T08:04:57Z,2021-04-16T11:12:03Z
178,アドマイヤハダル,http://twitter.com/search?q=%E3%82%A2%E3%83%89%E3%83%9E%E3%82%A4%E3%83%A4%E3%83%8F%E3%83%80%E3%83%AB,,%E3%82%A2%E3%83%89%E3%83%9E%E3%82%A4%E3%83%A4%E3%83%8F%E3%83%80%E3%83%AB,,Worldwide,WW,2021-04-18T08:04:57Z,2021-04-16T11:12:03Z
179,名古屋転勤,http://twitter.com/search?q=%E5%90%8D%E5%8F%A4%E5%B1%8B%E8%BB%A2%E5%8B%A4,,%E5%90%8D%E5%8F%A4%E5%B1%8B%E8%BB%A2%E5%8B%A4,,Worldwide,WW,2021-04-18T08:04:57Z,2021-04-16T11:12:03Z
180,アンタレスS,http://twitter.com/search?q=%E3%82%A2%E3%83%B3%E3%82%BF%E3%83%AC%E3%82%B9S,,%E3%82%A2%E3%83%B3%E3%82%BF%E3%83%AC%E3%82%B9S,,Worldwide,WW,2021-04-18T08:04:57Z,2021-04-16T11:12:03Z
181,Cidade de Deus,http://twitter.com/search?q=%22Cidade+de+Deus%22,,%22Cidade+de+Deus%22,,Worldwide,WW,2021-04-18T08:04:57Z,2021-04-16T11:12:03Z
182,CBI Give Update On SSR Case,http://twitter.com/search?q=%22CBI+Give+Update+On+SSR+Case%22,,%22CBI+Give+Update+On+SSR+Case%22,66246.0,Worldwide,WW,2021-04-18T08:04:57Z,2021-04-16T11:12:03Z
183,アサマノイタズラ,http://twitter.com/search?q=%E3%82%A2%E3%82%B5%E3%83%9E%E3%83%8E%E3%82%A4%E3%82%BF%E3%82%BA%E3%83%A9,,%E3%82%A2%E3%82%B5%E3%83%9E%E3%83%8E%E3%82%A4%E3%82%BF%E3%82%BA%E3%83%A9,,Worldwide,WW,2021-04-18T08:04:57Z,2021-04-16T11:12:03Z
184,BOT円盤化,http://twitter.com/search?q=BOT%E5%86%86%E7%9B%A4%E5%8C%96,,BOT%E5%86%86%E7%9B%A4%E5%8C%96,,Worldwide,WW,2021-04-18T08:04:57Z,2021-04-16T11:12:03Z
185,飼育ノート,http://twitter.com/search?q=%E9%A3%BC%E8%82%B2%E3%83%8E%E3%83%BC%E3%83%88,,%E9%A3%BC%E8%82%B2%E3%83%8E%E3%83%BC%E3%83%88,,Worldwide,WW,2021-04-18T08:04:57Z,2021-04-16T11:12:03Z
186,保険ポリス,http://twitter.com/search?q=%E4%BF%9D%E9%99%BA%E3%83%9D%E3%83%AA%E3%82%B9,,%E4%BF%9D%E9%99%BA%E3%83%9D%E3%83%AA%E3%82%B9,,Worldwide,WW,2021-04-18T08:04:57Z,2021-04-16T11:12:03Z
187,ノーアウト満塁,http://twitter.com/search?q=%E3%83%8E%E3%83%BC%E3%82%A2%E3%82%A6%E3%83%88%E6%BA%80%E5%A1%81,,%E3%83%8E%E3%83%BC%E3%82%A2%E3%82%A6%E3%83%88%E6%BA%80%E5%A1%81,,Worldwide,WW,2021-04-18T08:04:57Z,2021-04-16T11:12:03Z
188,梅ちゃん,http://twitter.com/search?q=%E6%A2%85%E3%81%A1%E3%82%83%E3%82%93,,%E6%A2%85%E3%81%A1%E3%82%83%E3%82%93,,Worldwide,WW,2021-04-18T08:04:57Z,2021-04-16T11:12:03Z
189,石井くん,http://twitter.com/search?q=%E7%9F%B3%E4%BA%95%E3%81%8F%E3%82%93,,%E7%9F%B3%E4%BA%95%E3%81%8F%E3%82%93,,Worldwide,WW,2021-04-18T08:04:57Z,2021-04-16T11:12:03Z
190,Pete Davidson,http://twitter.com/search?q=%22Pete+Davidson%22,,%22Pete+Davidson%22,31458.0,Worldwide,WW,2021-04-18T08:04:57Z,2021-04-16T11:12:03Z
191,Mookie,http://twitter.com/search?q=Mookie,,Mookie,26628.0,Worldwide,WW,2021-04-18T08:04:57Z,2021-04-16T11:12:03Z
192,Gastelum,http://twitter.com/search?q=Gastelum,,Gastelum,10049.0,Worldwide,WW,2021-04-18T08:04:57Z,2021-04-16T11:12:03Z
193,Schönen Sonntag,http://twitter.com/search?q=%22Sch%C3%B6nen+Sonntag%22,,%22Sch%C3%B6nen+Sonntag%22,,Worldwide,WW,2021-04-18T08:04:57Z,2021-04-16T11:12:03Z
194,パドック,http://twitter.com/search?q=%E3%83%91%E3%83%89%E3%83%83%E3%82%AF,,%E3%83%91%E3%83%89%E3%83%83%E3%82%AF,,Worldwide,WW,2021-04-18T08:04:57Z,2021-04-16T11:12:03Z
195,ヒギンス,http://twitter.com/search?q=%E3%83%92%E3%82%AE%E3%83%B3%E3%82%B9,,%E3%83%92%E3%82%AE%E3%83%B3%E3%82%B9,,Worldwide,WW,2021-04-18T08:04:57Z,2021-04-16T11:12:03Z
196,Justin Bieber,http://twitter.com/search?q=%22Justin+Bieber%22,,%22Justin+Bieber%22,77257.0,Worldwide,WW,2021-04-18T08:04:57Z,2021-04-16T11:12:03Z
197,overture,http://twitter.com/search?q=overture,,overture,,Worldwide,WW,2021-04-18T08:04:57Z,2021-04-16T11:12:03Z
198,Jake Paul,http://twitter.com/search?q=%22Jake+Paul%22,,%22Jake+Paul%22,295632.0,UnitedStates,US,2021-04-18T08:04:57Z,2021-04-16T11:12:03Z
199,Snoop,http://twitter.com/search?q=Snoop,,Snoop,40021.0,UnitedStates,US,2021-04-18T08:04:57Z,2021-04-16T11:12:03Z
200,#TrillerFightClub,http://twitter.com/search?q=%23TrillerFightClub,,%23TrillerFightClub,82055.0,UnitedStates,US,2021-04-18T08:04:57Z,2021-04-16T11:12:03Z
201,Whittaker,http://twitter.com/search?q=Whittaker,,Whittaker,18587.0,UnitedStates,US,2021-04-18T08:04:57Z,2021-04-16T11:12:03Z
202,Mookie,http://twitter.com/search?q=Mookie,,Mookie,26628.0,UnitedStates,US,2021-04-18T08:04:57Z,2021-04-16T11:12:03Z
203,#TXT_TheDoomsNight,http://twitter.com/search?q=%23TXT_TheDoomsNight,,%23TXT_TheDoomsNight,227487.0,UnitedStates,US,2021-04-18T08:04:57Z,2021-04-16T11:12:03Z
204,Pete Davidson,http://twitter.com/search?q=%22Pete+Davidson%22,,%22Pete+Davidson%22,31458.0,UnitedStates,US,2021-04-18T08:04:57Z,2021-04-16T11:12:03Z
205,Justin Bieber,http://twitter.com/search?q=%22Justin+Bieber%22,,%22Justin+Bieber%22,77257.0,UnitedStates,US,2021-04-18T08:04:57Z,2021-04-16T11:12:03Z
206,Steph,http://twitter.com/search?q=Steph,,Steph,98658.0,UnitedStates,US,2021-04-18T08:04:57Z,2021-04-16T11:12:03Z
207,#UFCVegas24,http://twitter.com/search?q=%23UFCVegas24,,%23UFCVegas24,41324.0,UnitedStates,US,2021-04-18T08:04:57Z,2021-04-16T11:12:03Z
208,Nate Robinson,http://twitter.com/search?q=%22Nate+Robinson%22,,%22Nate+Robinson%22,11800.0,UnitedStates,US,2021-04-18T08:04:57Z,2021-04-16T11:12:03Z
209,Oscar De La Hoya,http://twitter.com/search?q=%22Oscar+De+La+Hoya%22,,%22Oscar+De+La+Hoya%22,13097.0,UnitedStates,US,2021-04-18T08:04:57Z,2021-04-16T11:12:03Z
210,#Toonami,http://twitter.com/search?q=%23Toonami,,%23Toonami,,UnitedStates,US,2021-04-18T08:04:57Z,2021-04-16T11:12:03Z
211,#pissypunz,http://twitter.com/search?q=%23pissypunz,,%23pissypunz,,UnitedStates,US,2021-04-18T08:04:57Z,2021-04-16T11:12:03Z
212,YouTuber,http://twitter.com/search?q=YouTuber,,YouTuber,51895.0,UnitedStates,US,2021-04-18T08:04:57Z,2021-04-16T11:12:03Z
213,CHAOS AWAITS THE NIGHT OF DOOM,http://twitter.com/search?q=%22CHAOS+AWAITS+THE+NIGHT+OF+DOOM%22,,%22CHAOS+AWAITS+THE+NIGHT+OF+DOOM%22,150848.0,UnitedStates,US,2021-04-18T08:04:57Z,2021-04-16T11:12:03Z
214,Tatum,http://twitter.com/search?q=Tatum,,Tatum,33586.0,UnitedStates,US,2021-04-18T08:04:57Z,2021-04-16T11:12:03Z
215,KO'd,http://twitter.com/search?q=KO%27d,,KO%27d,17855.0,UnitedStates,US,2021-04-18T08:04:57Z,2021-04-16T11:12:03Z
216,Rigged,http://twitter.com/search?q=Rigged,,Rigged,37765.0,UnitedStates,US,2021-04-18T08:04:57Z,2021-04-16T11:12:03Z
217,Bobby Knuckles,http://twitter.com/search?q=%22Bobby+Knuckles%22,,%22Bobby+Knuckles%22,,UnitedStates,US,2021-04-18T08:04:57Z,2021-04-16T11:12:03Z
218,BRIDGIT MENDLER,http://twitter.com/search?q=%22BRIDGIT+MENDLER%22,,%22BRIDGIT+MENDLER%22,,UnitedStates,US,2021-04-18T08:04:57Z,2021-04-16T11:12:03Z
219,Izzy,http://twitter.com/search?q=Izzy,,Izzy,11164.0,UnitedStates,US,2021-04-18T08:04:57Z,2021-04-16T11:12:03Z
220,Mayweather,http://twitter.com/search?q=Mayweather,,Mayweather,,UnitedStates,US,2021-04-18T08:04:57Z,2021-04-16T11:12:03Z
221,McGregor,http://twitter.com/search?q=McGregor,,McGregor,,UnitedStates,US,2021-04-18T08:04:57Z,2021-04-16T11:12:03Z
222,Draymond,http://twitter.com/search?q=Draymond,,Draymond,10924.0,UnitedStates,US,2021-04-18T08:04:57Z,2021-04-16T11:12:03Z
223,Dana White,http://twitter.com/search?q=%22Dana+White%22,,%22Dana+White%22,,UnitedStates,US,2021-04-18T08:04:57Z,2021-04-16T11:12:03Z
224,Robbie Lawler,http://twitter.com/search?q=%22Robbie+Lawler%22,,%22Robbie+Lawler%22,,UnitedStates,US,2021-04-18T08:04:57Z,2021-04-16T11:12:03Z
225,Ben Askew,http://twitter.com/search?q=%22Ben+Askew%22,,%22Ben+Askew%22,,UnitedStates,US,2021-04-18T08:04:57Z,2021-04-16T11:12:03Z
226,Canelo,http://twitter.com/search?q=Canelo,,Canelo,,UnitedStates,US,2021-04-18T08:04:57Z,2021-04-16T11:12:03Z
227,Kelvin,http://twitter.com/search?q=Kelvin,,Kelvin,17524.0,UnitedStates,US,2021-04-18T08:04:57Z,2021-04-16T11:12:03Z
228,Blockbuster,http://twitter.com/search?q=Blockbuster,,Blockbuster,41485.0,UnitedStates,US,2021-04-18T08:04:57Z,2021-04-16T11:12:03Z
229,Adesanya,http://twitter.com/search?q=Adesanya,,Adesanya,,UnitedStates,US,2021-04-18T08:04:57Z,2021-04-16T11:12:03Z
230,Michael Buffer,http://twitter.com/search?q=%22Michael+Buffer%22,,%22Michael+Buffer%22,,UnitedStates,US,2021-04-18T08:04:57Z,2021-04-16T11:12:03Z
231,Redkach,http://twitter.com/search?q=Redkach,,Redkach,,UnitedStates,US,2021-04-18T08:04:57Z,2021-04-16T11:12:03Z
232,Masvidal,http://twitter.com/search?q=Masvidal,,Masvidal,,UnitedStates,US,2021-04-18T08:04:57Z,2021-04-16T11:12:03Z
233,BOXER,http://twitter.com/search?q=BOXER,,BOXER,37884.0,UnitedStates,US,2021-04-18T08:04:57Z,2021-04-16T11:12:03Z
234,Doja Cat,http://twitter.com/search?q=%22Doja+Cat%22,,%22Doja+Cat%22,20289.0,UnitedStates,US,2021-04-18T08:04:57Z,2021-04-16T11:12:03Z
235,Frank mir,http://twitter.com/search?q=%22Frank+mir%22,,%22Frank+mir%22,,UnitedStates,US,2021-04-18T08:04:57Z,2021-04-16T11:12:03Z
236,Logan Paul,http://twitter.com/search?q=%22Logan+Paul%22,,%22Logan+Paul%22,,UnitedStates,US,2021-04-18T08:04:57Z,2021-04-16T11:12:03Z
237,Kemba,http://twitter.com/search?q=Kemba,,Kemba,10439.0,UnitedStates,US,2021-04-18T08:04:57Z,2021-04-16T11:12:03Z
238,Ric Flair,http://twitter.com/search?q=%22Ric+Flair%22,,%22Ric+Flair%22,,UnitedStates,US,2021-04-18T08:04:57Z,2021-04-16T11:12:03Z
239,Deji,http://twitter.com/search?q=Deji,,Deji,,UnitedStates,US,2021-04-18T08:04:57Z,2021-04-16T11:12:03Z
240,Ranboo,http://twitter.com/search?q=Ranboo,,Ranboo,95255.0,UnitedStates,US,2021-04-18T08:04:57Z,2021-04-16T11:12:03Z
241,Lori Lightfoot,http://twitter.com/search?q=%22Lori+Lightfoot%22,,%22Lori+Lightfoot%22,,UnitedStates,US,2021-04-18T08:04:57Z,2021-04-16T11:12:03Z
242,Celtics,http://twitter.com/search?q=Celtics,,Celtics,43640.0,UnitedStates,US,2021-04-18T08:04:57Z,2021-04-16T11:12:03Z
243,Hollywood Video,http://twitter.com/search?q=%22Hollywood+Video%22,,%22Hollywood+Video%22,,UnitedStates,US,2021-04-18T08:04:57Z,2021-04-16T11:12:03Z
244,Kershaw,http://twitter.com/search?q=Kershaw,,Kershaw,11283.0,UnitedStates,US,2021-04-18T08:04:57Z,2021-04-16T11:12:03Z
245,dixie,http://twitter.com/search?q=dixie,,dixie,13115.0,UnitedStates,US,2021-04-18T08:04:57Z,2021-04-16T11:12:03Z
246,Mario Lopez,http://twitter.com/search?q=%22Mario+Lopez%22,,%22Mario+Lopez%22,,UnitedStates,US,2021-04-18T08:04:57Z,2021-04-16T11:12:03Z
247,Dillon Danis,http://twitter.com/search?q=%22Dillon+Danis%22,,%22Dillon+Danis%22,,UnitedStates,US,2021-04-18T08:04:57Z,2021-04-16T11:12:03Z
248,Jake Paul,http://twitter.com/search?q=%22Jake+Paul%22,,%22Jake+Paul%22,295462.0,UnitedKingdom,UK,2021-04-18T08:04:58Z,2021-04-16T11:12:03Z
249,#sundayvibes,http://twitter.com/search?q=%23sundayvibes,,%23sundayvibes,19562.0,UnitedKingdom,UK,2021-04-18T08:04:58Z,2021-04-16T11:12:03Z
250,#Ridge,http://twitter.com/search?q=%23Ridge,,%23Ridge,,UnitedKingdom,UK,2021-04-18T08:04:58Z,2021-04-16T11:12:03Z
251,#SocialistSunday,http://twitter.com/search?q=%23SocialistSunday,,%23SocialistSunday,,UnitedKingdom,UK,2021-04-18T08:04:58Z,2021-04-16T11:12:03Z
252,#SundayMorning,http://twitter.com/search?q=%23SundayMorning,,%23SundayMorning,,UnitedKingdom,UK,2021-04-18T08:04:58Z,2021-04-16T11:12:03Z
253,#TrillerFightClub,http://twitter.com/search?q=%23TrillerFightClub,,%23TrillerFightClub,82062.0,UnitedKingdom,UK,2021-04-18T08:04:58Z,2021-04-16T11:12:03Z
254,Whittaker,http://twitter.com/search?q=Whittaker,,Whittaker,18587.0,UnitedKingdom,UK,2021-04-18T08:04:58Z,2021-04-16T11:12:03Z
255,Bieber,http://twitter.com/search?q=Bieber,,Bieber,87232.0,UnitedKingdom,UK,2021-04-18T08:04:58Z,2021-04-16T11:12:03Z
256,George Eustice,http://twitter.com/search?q=%22George+Eustice%22,,%22George+Eustice%22,,UnitedKingdom,UK,2021-04-18T08:04:58Z,2021-04-16T11:12:03Z
257,Snoop,http://twitter.com/search?q=Snoop,,Snoop,40021.0,UnitedKingdom,UK,2021-04-18T08:04:58Z,2021-04-16T11:12:03Z
258,Tommy Fury,http://twitter.com/search?q=%22Tommy+Fury%22,,%22Tommy+Fury%22,,UnitedKingdom,UK,2021-04-18T08:04:58Z,2021-04-16T11:12:03Z
259,YouTuber,http://twitter.com/search?q=YouTuber,,YouTuber,51942.0,UnitedKingdom,UK,2021-04-18T08:04:58Z,2021-04-16T11:12:03Z
260,Bayes,http://twitter.com/search?q=Bayes,,Bayes,,UnitedKingdom,UK,2021-04-18T08:04:58Z,2021-04-16T11:12:03Z
261,Gastelum,http://twitter.com/search?q=Gastelum,,Gastelum,10051.0,UnitedKingdom,UK,2021-04-18T08:04:58Z,2021-04-16T11:12:03Z
262,Deji,http://twitter.com/search?q=Deji,,Deji,,UnitedKingdom,UK,2021-04-18T08:04:58Z,2021-04-16T11:12:03Z
263,Bobby Knuckles,http://twitter.com/search?q=%22Bobby+Knuckles%22,,%22Bobby+Knuckles%22,,UnitedKingdom,UK,2021-04-18T08:04:58Z,2021-04-16T11:12:03Z
264,The Sunday Times,http://twitter.com/search?q=%22The+Sunday+Times%22,,%22The+Sunday+Times%22,,UnitedKingdom,UK,2021-04-18T08:04:58Z,2021-04-16T11:12:03Z
265,game day,http://twitter.com/search?q=%22game+day%22,,%22game+day%22,30896.0,UnitedKingdom,UK,2021-04-18T08:04:58Z,2021-04-16T11:12:03Z
266,Witchell,http://twitter.com/search?q=Witchell,,Witchell,,UnitedKingdom,UK,2021-04-18T08:04:58Z,2021-04-16T11:12:03Z
267,Doja Cat,http://twitter.com/search?q=%22Doja+Cat%22,,%22Doja+Cat%22,20284.0,UnitedKingdom,UK,2021-04-18T08:04:58Z,2021-04-16T11:12:03Z
268,Izzy,http://twitter.com/search?q=Izzy,,Izzy,11164.0,UnitedKingdom,UK,2021-04-18T08:04:58Z,2021-04-16T11:12:03Z
269,Boxing,http://twitter.com/search?q=Boxing,,Boxing,100669.0,UnitedKingdom,UK,2021-04-18T08:04:58Z,2021-04-16T11:12:03Z
270,KO'd,http://twitter.com/search?q=KO%27d,,KO%27d,17835.0,UnitedKingdom,UK,2021-04-18T08:04:58Z,2021-04-16T11:12:03Z
271,Pete Davidson,http://twitter.com/search?q=%22Pete+Davidson%22,,%22Pete+Davidson%22,31449.0,UnitedKingdom,UK,2021-04-18T08:04:58Z,2021-04-16T11:12:03Z
272,Mardy,http://twitter.com/search?q=Mardy,,Mardy,,UnitedKingdom,UK,2021-04-18T08:04:58Z,2021-04-16T11:12:03Z
273,Oscar De La Hoya,http://twitter.com/search?q=%22Oscar+De+La+Hoya%22,,%22Oscar+De+La+Hoya%22,13097.0,UnitedKingdom,UK,2021-04-18T08:04:58Z,2021-04-16T11:12:03Z
274,Messi,http://twitter.com/search?q=Messi,,Messi,587976.0,UnitedKingdom,UK,2021-04-18T08:04:58Z,2021-04-16T11:12:03Z
275,MATCH DAY,http://twitter.com/search?q=%22MATCH+DAY%22,,%22MATCH+DAY%22,11319.0,UnitedKingdom,UK,2021-04-18T08:04:58Z,2021-04-16T11:12:03Z
276,Damian Lewis,http://twitter.com/search?q=%22Damian+Lewis%22,,%22Damian+Lewis%22,,UnitedKingdom,UK,2021-04-18T08:04:58Z,2021-04-16T11:12:03Z
277,Ric Flair,http://twitter.com/search?q=%22Ric+Flair%22,,%22Ric+Flair%22,,UnitedKingdom,UK,2021-04-18T08:04:58Z,2021-04-16T11:12:03Z
278,Dana,http://twitter.com/search?q=Dana,,Dana,80081.0,UnitedKingdom,UK,2021-04-18T08:04:58Z,2021-04-16T11:12:03Z
279,andrade,http://twitter.com/search?q=andrade,,andrade,19595.0,UnitedKingdom,UK,2021-04-18T08:04:58Z,2021-04-16T11:12:03Z
280,Curry,http://twitter.com/search?q=Curry,,Curry,102691.0,UnitedKingdom,UK,2021-04-18T08:04:58Z,2021-04-16T11:12:03Z
281,Black Rob,http://twitter.com/search?q=%22Black+Rob%22,,%22Black+Rob%22,76205.0,UnitedKingdom,UK,2021-04-18T08:04:58Z,2021-04-16T11:12:03Z
282,Lincolnshire,http://twitter.com/search?q=Lincolnshire,,Lincolnshire,,UnitedKingdom,UK,2021-04-18T08:04:58Z,2021-04-16T11:12:03Z
283,Leicestershire,http://twitter.com/search?q=Leicestershire,,Leicestershire,,UnitedKingdom,UK,2021-04-18T08:04:58Z,2021-04-16T11:12:03Z
284,Canelo,http://twitter.com/search?q=Canelo,,Canelo,,UnitedKingdom,UK,2021-04-18T08:04:58Z,2021-04-16T11:12:03Z
285,Prince Charles,http://twitter.com/search?q=%22Prince+Charles%22,,%22Prince+Charles%22,,UnitedKingdom,UK,2021-04-18T08:04:58Z,2021-04-16T11:12:03Z
286,Liam Williams,http://twitter.com/search?q=%22Liam+Williams%22,,%22Liam+Williams%22,,UnitedKingdom,UK,2021-04-18T08:04:58Z,2021-04-16T11:12:03Z
287,#SundayThoughts,http://twitter.com/search?q=%23SundayThoughts,,%23SundayThoughts,13080.0,UnitedKingdom,UK,2021-04-18T08:04:58Z,2021-04-16T11:12:03Z
288,#SundayMotivation,http://twitter.com/search?q=%23SundayMotivation,,%23SundayMotivation,,UnitedKingdom,UK,2021-04-18T08:04:58Z,2021-04-16T11:12:03Z
289,#ShakespeareSunday,http://twitter.com/search?q=%23ShakespeareSunday,,%23ShakespeareSunday,,UnitedKingdom,UK,2021-04-18T08:04:58Z,2021-04-16T11:12:03Z
290,#SundayFunday,http://twitter.com/search?q=%23SundayFunday,,%23SundayFunday,,UnitedKingdom,UK,2021-04-18T08:04:58Z,2021-04-16T11:12:03Z
291,#HappyBirthdayDavidTennant,http://twitter.com/search?q=%23HappyBirthdayDavidTennant,,%23HappyBirthdayDavidTennant,,UnitedKingdom,UK,2021-04-18T08:04:58Z,2021-04-16T11:12:03Z
292,#UFCVegas24,http://twitter.com/search?q=%23UFCVegas24,,%23UFCVegas24,41319.0,UnitedKingdom,UK,2021-04-18T08:04:58Z,2021-04-16T11:12:03Z
293,#ZIM41,http://twitter.com/search?q=%23ZIM41,,%23ZIM41,,UnitedKingdom,UK,2021-04-18T08:04:58Z,2021-04-16T11:12:03Z
294,#UFCFightnight,http://twitter.com/search?q=%23UFCFightnight,,%23UFCFightnight,,UnitedKingdom,UK,2021-04-18T08:04:58Z,2021-04-16T11:12:03Z
295,#UKGiftHour,http://twitter.com/search?q=%23UKGiftHour,,%23UKGiftHour,,UnitedKingdom,UK,2021-04-18T08:04:58Z,2021-04-16T11:12:03Z
296,#UKGiftAM,http://twitter.com/search?q=%23UKGiftAM,,%23UKGiftAM,,UnitedKingdom,UK,2021-04-18T08:04:58Z,2021-04-16T11:12:03Z
297,#COVID19Vaccine,http://twitter.com/search?q=%23COVID19Vaccine,,%23COVID19Vaccine,11118.0,UnitedKingdom,UK,2021-04-18T08:04:58Z,2021-04-16T11:12:03Z
298,Ben Askren,http://twitter.com/search?q=%22Ben+Askren%22,,%22Ben+Askren%22,119420.0,Singapore,SG,2021-04-18T08:04:59Z,2021-04-04T16:15:57Z
299,#TXT_TheDoomsNight,http://twitter.com/search?q=%23TXT_TheDoomsNight,,%23TXT_TheDoomsNight,227487.0,Singapore,SG,2021-04-18T08:04:59Z,2021-04-04T16:15:57Z
300,Jake Paul,http://twitter.com/search?q=%22Jake+Paul%22,,%22Jake+Paul%22,295462.0,Singapore,SG,2021-04-18T08:04:59Z,2021-04-04T16:15:57Z
301,yeonjun,http://twitter.com/search?q=yeonjun,,yeonjun,130500.0,Singapore,SG,2021-04-18T08:04:59Z,2021-04-04T16:15:57Z
302,#Apr18Coup,http://twitter.com/search?q=%23Apr18Coup,,%23Apr18Coup,351533.0,Singapore,SG,2021-04-18T08:04:59Z,2021-04-04T16:15:57Z
303,#TOMORROW_X_TOGETHER,http://twitter.com/search?q=%23TOMORROW_X_TOGETHER,,%23TOMORROW_X_TOGETHER,279639.0,Singapore,SG,2021-04-18T08:04:59Z,2021-04-04T16:15:57Z
304,sunwoo,http://twitter.com/search?q=sunwoo,,sunwoo,21481.0,Singapore,SG,2021-04-18T08:04:59Z,2021-04-04T16:15:57Z
305,soobin,http://twitter.com/search?q=soobin,,soobin,78734.0,Singapore,SG,2021-04-18T08:04:59Z,2021-04-04T16:15:57Z
306,SHINee,http://twitter.com/search?q=SHINee,,SHINee,123320.0,Singapore,SG,2021-04-18T08:04:59Z,2021-04-04T16:15:57Z
307,taehyun,http://twitter.com/search?q=taehyun,,taehyun,63167.0,Singapore,SG,2021-04-18T08:04:59Z,2021-04-04T16:15:57Z
308,Yibo,http://twitter.com/search?q=Yibo,,Yibo,12375.0,Singapore,SG,2021-04-18T08:04:59Z,2021-04-04T16:15:57Z
309,London,http://twitter.com/search?q=London,,London,100820.0,Singapore,SG,2021-04-18T08:04:59Z,2021-04-04T16:15:57Z
310,MOONBIN,http://twitter.com/search?q=MOONBIN,,MOONBIN,27762.0,Singapore,SG,2021-04-18T08:04:59Z,2021-04-04T16:15:57Z
311,Russia,http://twitter.com/search?q=Russia,,Russia,130836.0,Singapore,SG,2021-04-18T08:04:59Z,2021-04-04T16:15:57Z
312,#COVID19India,http://twitter.com/search?q=%23COVID19India,,%23COVID19India,60435.0,Singapore,SG,2021-04-18T08:04:59Z,2021-04-04T16:15:57Z
313,#Bitcoin,http://twitter.com/search?q=%23Bitcoin,,%23Bitcoin,186485.0,Singapore,SG,2021-04-18T08:04:59Z,2021-04-04T16:15:57Z
314,Earth,http://twitter.com/search?q=Earth,,Earth,203627.0,Singapore,SG,2021-04-18T08:04:59Z,2021-04-04T16:15:57Z
315,Maharashtra,http://twitter.com/search?q=Maharashtra,,Maharashtra,157675.0,Singapore,SG,2021-04-18T08:04:59Z,2021-04-04T16:15:57Z
316,Twitch,http://twitter.com/search?q=Twitch,,Twitch,432864.0,Singapore,SG,2021-04-18T08:04:59Z,2021-04-04T16:15:57Z
317,Xiao Zhan,http://twitter.com/search?q=%22Xiao+Zhan%22,,%22Xiao+Zhan%22,11116.0,Singapore,SG,2021-04-18T08:04:59Z,2021-04-04T16:15:57Z
318,nug assemble,http://twitter.com/search?q=%22nug+assemble%22,,%22nug+assemble%22,556339.0,Singapore,SG,2021-04-18T08:04:59Z,2021-04-04T16:15:57Z
319,jaemin,http://twitter.com/search?q=jaemin,,jaemin,179999.0,Singapore,SG,2021-04-18T08:04:59Z,2021-04-04T16:15:57Z
320,dawon,http://twitter.com/search?q=dawon,,dawon,,Singapore,SG,2021-04-18T08:04:59Z,2021-04-04T16:15:57Z
321,Taiwan,http://twitter.com/search?q=Taiwan,,Taiwan,25129.0,Singapore,SG,2021-04-18T08:04:59Z,2021-04-04T16:15:57Z
322,Apple,http://twitter.com/search?q=Apple,,Apple,337052.0,Singapore,SG,2021-04-18T08:04:59Z,2021-04-04T16:15:57Z
323,Messi,http://twitter.com/search?q=Messi,,Messi,587976.0,Singapore,SG,2021-04-18T08:04:59Z,2021-04-04T16:15:57Z
324,America,http://twitter.com/search?q=America,,America,517711.0,Singapore,SG,2021-04-18T08:04:59Z,2021-04-04T16:15:57Z
325,Biden,http://twitter.com/search?q=Biden,,Biden,365810.0,Singapore,SG,2021-04-18T08:04:59Z,2021-04-04T16:15:57Z
326,Bengal,http://twitter.com/search?q=Bengal,,Bengal,162265.0,Singapore,SG,2021-04-18T08:04:59Z,2021-04-04T16:15:57Z
327,Singapore,http://twitter.com/search?q=Singapore,,Singapore,26689.0,Singapore,SG,2021-04-18T08:04:59Z,2021-04-04T16:15:57Z
328,Italy,http://twitter.com/search?q=Italy,,Italy,42210.0,Singapore,SG,2021-04-18T08:04:59Z,2021-04-04T16:15:57Z
329,iPhone,http://twitter.com/search?q=iPhone,,iPhone,148790.0,Singapore,SG,2021-04-18T08:04:59Z,2021-04-04T16:15:57Z
330,karl,http://twitter.com/search?q=karl,,karl,49922.0,Singapore,SG,2021-04-18T08:04:59Z,2021-04-04T16:15:57Z
331,Spotify,http://twitter.com/search?q=Spotify,,Spotify,575018.0,Singapore,SG,2021-04-18T08:04:59Z,2021-04-04T16:15:57Z
332,Jesus,http://twitter.com/search?q=Jesus,,Jesus,235955.0,Singapore,SG,2021-04-18T08:04:59Z,2021-04-04T16:15:57Z
333,wjsn,http://twitter.com/search?q=wjsn,,wjsn,26433.0,Singapore,SG,2021-04-18T08:04:59Z,2021-04-04T16:15:57Z
334,Binance,http://twitter.com/search?q=Binance,,Binance,123695.0,Singapore,SG,2021-04-18T08:04:59Z,2021-04-04T16:15:57Z
335,Disney,http://twitter.com/search?q=Disney,,Disney,89011.0,Singapore,SG,2021-04-18T08:04:59Z,2021-04-04T16:15:57Z
336,ME TOO,http://twitter.com/search?q=%22ME+TOO%22,,%22ME+TOO%22,236725.0,Singapore,SG,2021-04-18T08:04:59Z,2021-04-04T16:15:57Z
337,Thailand,http://twitter.com/search?q=Thailand,,Thailand,92049.0,Singapore,SG,2021-04-18T08:04:59Z,2021-04-04T16:15:57Z
338,China,http://twitter.com/search?q=China,,China,238901.0,Singapore,SG,2021-04-18T08:04:59Z,2021-04-04T16:15:57Z
339,Apink,http://twitter.com/search?q=Apink,,Apink,33265.0,Singapore,SG,2021-04-18T08:04:59Z,2021-04-04T16:15:57Z
340,kibum,http://twitter.com/search?q=kibum,,kibum,,Singapore,SG,2021-04-18T08:04:59Z,2021-04-04T16:15:57Z
341,Asia,http://twitter.com/search?q=Asia,,Asia,102819.0,Singapore,SG,2021-04-18T08:04:59Z,2021-04-04T16:15:57Z
342,Trump,http://twitter.com/search?q=Trump,,Trump,357507.0,Singapore,SG,2021-04-18T08:04:59Z,2021-04-04T16:15:57Z
343,#mafsaunz,http://twitter.com/search?q=%23mafsaunz,,%23mafsaunz,,NewZealand,NZ,2021-04-18T08:05:00Z,2021-03-22T09:06:55Z
344,Jake Paul,http://twitter.com/search?q=%22Jake+Paul%22,,%22Jake+Paul%22,295462.0,NewZealand,NZ,2021-04-18T08:05:00Z,2021-03-22T09:06:55Z
345,#NRLDragonsWarriors,http://twitter.com/search?q=%23NRLDragonsWarriors,,%23NRLDragonsWarriors,,NewZealand,NZ,2021-04-18T08:05:00Z,2021-03-22T09:06:55Z
346,#nrlcowboysbulldogs,http://twitter.com/search?q=%23nrlcowboysbulldogs,,%23nrlcowboysbulldogs,,NewZealand,NZ,2021-04-18T08:05:00Z,2021-03-22T09:06:55Z
347,Ben Askren,http://twitter.com/search?q=%22Ben+Askren%22,,%22Ben+Askren%22,119420.0,NewZealand,NZ,2021-04-18T08:05:00Z,2021-03-22T09:06:55Z
348,Izzy,http://twitter.com/search?q=Izzy,,Izzy,11164.0,NewZealand,NZ,2021-04-18T08:05:00Z,2021-03-22T09:06:55Z
349,Lydia,http://twitter.com/search?q=Lydia,,Lydia,10089.0,NewZealand,NZ,2021-04-18T08:05:00Z,2021-03-22T09:06:55Z
350,Turner,http://twitter.com/search?q=Turner,,Turner,12018.0,NewZealand,NZ,2021-04-18T08:05:00Z,2021-03-22T09:06:55Z
351,#aotearoa,http://twitter.com/search?q=%23aotearoa,,%23aotearoa,,NewZealand,NZ,2021-04-18T08:05:00Z,2021-03-22T09:06:55Z
352,Bless,http://twitter.com/search?q=Bless,,Bless,125889.0,NewZealand,NZ,2021-04-18T08:05:00Z,2021-03-22T09:06:55Z
353,Wellington,http://twitter.com/search?q=Wellington,,Wellington,,NewZealand,NZ,2021-04-18T08:05:00Z,2021-03-22T09:06:55Z
354,Aussies,http://twitter.com/search?q=Aussies,,Aussies,,NewZealand,NZ,2021-04-18T08:05:00Z,2021-03-22T09:06:55Z
355,Christchurch,http://twitter.com/search?q=Christchurch,,Christchurch,,NewZealand,NZ,2021-04-18T08:05:00Z,2021-03-22T09:06:55Z
356,Kiwis,http://twitter.com/search?q=Kiwis,,Kiwis,,NewZealand,NZ,2021-04-18T08:05:00Z,2021-03-22T09:06:55Z
357,#ThanksJacinda,http://twitter.com/search?q=%23ThanksJacinda,,%23ThanksJacinda,,NewZealand,NZ,2021-04-18T08:05:00Z,2021-03-22T09:06:55Z
358,NZers,http://twitter.com/search?q=NZers,,NZers,,NewZealand,NZ,2021-04-18T08:05:00Z,2021-03-22T09:06:55Z
359,Alex,http://twitter.com/search?q=Alex,,Alex,172218.0,NewZealand,NZ,2021-04-18T08:05:00Z,2021-03-22T09:06:55Z
360,Kate,http://twitter.com/search?q=Kate,,Kate,60441.0,NewZealand,NZ,2021-04-18T08:05:00Z,2021-03-22T09:06:55Z
361,South Island,http://twitter.com/search?q=%22South+Island%22,,%22South+Island%22,,NewZealand,NZ,2021-04-18T08:05:00Z,2021-03-22T09:06:55Z
362,Lucky,http://twitter.com/search?q=Lucky,,Lucky,224880.0,NewZealand,NZ,2021-04-18T08:05:00Z,2021-03-22T09:06:55Z
363,dunedin,http://twitter.com/search?q=dunedin,,dunedin,,NewZealand,NZ,2021-04-18T08:05:00Z,2021-03-22T09:06:55Z
364,Japan,http://twitter.com/search?q=Japan,,Japan,357766.0,NewZealand,NZ,2021-04-18T08:05:00Z,2021-03-22T09:06:55Z
365,new zealander,http://twitter.com/search?q=%22new+zealander%22,,%22new+zealander%22,,NewZealand,NZ,2021-04-18T08:05:00Z,2021-03-22T09:06:55Z
366,Auckland,http://twitter.com/search?q=Auckland,,Auckland,,NewZealand,NZ,2021-04-18T08:05:00Z,2021-03-22T09:06:55Z
367,Oops,http://twitter.com/search?q=Oops,,Oops,28283.0,NewZealand,NZ,2021-04-18T08:05:00Z,2021-03-22T09:06:55Z
368,Peter,http://twitter.com/search?q=Peter,,Peter,81166.0,NewZealand,NZ,2021-04-18T08:05:00Z,2021-03-22T09:06:55Z
369,Google,http://twitter.com/search?q=Google,,Google,651296.0,NewZealand,NZ,2021-04-18T08:05:00Z,2021-03-22T09:06:55Z
370,Greens,http://twitter.com/search?q=Greens,,Greens,,NewZealand,NZ,2021-04-18T08:05:00Z,2021-03-22T09:06:55Z
371,Ardern,http://twitter.com/search?q=Ardern,,Ardern,,NewZealand,NZ,2021-04-18T08:05:00Z,2021-03-22T09:06:55Z
372,Jack,http://twitter.com/search?q=Jack,,Jack,145657.0,NewZealand,NZ,2021-04-18T08:05:00Z,2021-03-22T09:06:55Z
373,Ouch,http://twitter.com/search?q=Ouch,,Ouch,13740.0,NewZealand,NZ,2021-04-18T08:05:00Z,2021-03-22T09:06:55Z
374,Fantastic,http://twitter.com/search?q=Fantastic,,Fantastic,75338.0,NewZealand,NZ,2021-04-18T08:05:00Z,2021-03-22T09:06:55Z
375,#NobodyMovie,http://twitter.com/search?q=%23NobodyMovie,,%23NobodyMovie,,SanFrancisco,US,2021-04-18T08:05:01Z,2021-04-16T11:12:03Z
376,Bazemore,http://twitter.com/search?q=Bazemore,,Bazemore,,SanFrancisco,US,2021-04-18T08:05:01Z,2021-04-16T11:12:03Z
377,Durk,http://twitter.com/search?q=Durk,,Durk,13749.0,SanFrancisco,US,2021-04-18T08:05:01Z,2021-04-16T11:12:03Z
378,#DubNation,http://twitter.com/search?q=%23DubNation,,%23DubNation,,SanFrancisco,US,2021-04-18T08:05:01Z,2021-04-16T11:12:03Z
379,Pham,http://twitter.com/search?q=Pham,,Pham,,SanFrancisco,US,2021-04-18T08:05:01Z,2021-04-16T11:12:03Z
380,Darvish,http://twitter.com/search?q=Darvish,,Darvish,,SanFrancisco,US,2021-04-18T08:05:01Z,2021-04-16T11:12:03Z
381,Andrea,http://twitter.com/search?q=Andrea,,Andrea,60044.0,SanFrancisco,US,2021-04-18T08:05:01Z,2021-04-16T11:12:03Z
382,Ice Cube,http://twitter.com/search?q=%22Ice+Cube%22,,%22Ice+Cube%22,,SanFrancisco,US,2021-04-18T08:05:01Z,2021-04-16T11:12:03Z
383,Profar,http://twitter.com/search?q=Profar,,Profar,,SanFrancisco,US,2021-04-18T08:05:01Z,2021-04-16T11:12:03Z
384,Navalny,http://twitter.com/search?q=Navalny,,Navalny,83103.0,SanFrancisco,US,2021-04-18T08:05:01Z,2021-04-16T11:12:03Z
385,Red Sox,http://twitter.com/search?q=%22Red+Sox%22,,%22Red+Sox%22,14341.0,SanFrancisco,US,2021-04-18T08:05:01Z,2021-04-16T11:12:03Z
386,Jake Paul,http://twitter.com/search?q=%22Jake+Paul%22,,%22Jake+Paul%22,295632.0,SanFrancisco,US,2021-04-18T08:05:01Z,2021-04-16T11:12:03Z
387,Snoop,http://twitter.com/search?q=Snoop,,Snoop,40021.0,SanFrancisco,US,2021-04-18T08:05:01Z,2021-04-16T11:12:03Z
388,#TrillerFightClub,http://twitter.com/search?q=%23TrillerFightClub,,%23TrillerFightClub,82055.0,SanFrancisco,US,2021-04-18T08:05:01Z,2021-04-16T11:12:03Z
389,Whittaker,http://twitter.com/search?q=Whittaker,,Whittaker,18587.0,SanFrancisco,US,2021-04-18T08:05:01Z,2021-04-16T11:12:03Z
390,Mookie,http://twitter.com/search?q=Mookie,,Mookie,26637.0,SanFrancisco,US,2021-04-18T08:05:01Z,2021-04-16T11:12:03Z
391,#TXT_TheDoomsNight,http://twitter.com/search?q=%23TXT_TheDoomsNight,,%23TXT_TheDoomsNight,227487.0,SanFrancisco,US,2021-04-18T08:05:01Z,2021-04-16T11:12:03Z
392,Pete Davidson,http://twitter.com/search?q=%22Pete+Davidson%22,,%22Pete+Davidson%22,31449.0,SanFrancisco,US,2021-04-18T08:05:01Z,2021-04-16T11:12:03Z
393,Justin Bieber,http://twitter.com/search?q=%22Justin+Bieber%22,,%22Justin+Bieber%22,77315.0,SanFrancisco,US,2021-04-18T08:05:01Z,2021-04-16T11:12:03Z
394,Steph,http://twitter.com/search?q=Steph,,Steph,98658.0,SanFrancisco,US,2021-04-18T08:05:01Z,2021-04-16T11:12:03Z
395,#UFCVegas24,http://twitter.com/search?q=%23UFCVegas24,,%23UFCVegas24,41324.0,SanFrancisco,US,2021-04-18T08:05:01Z,2021-04-16T11:12:03Z
396,Nate Robinson,http://twitter.com/search?q=%22Nate+Robinson%22,,%22Nate+Robinson%22,11800.0,SanFrancisco,US,2021-04-18T08:05:01Z,2021-04-16T11:12:03Z
397,Oscar De La Hoya,http://twitter.com/search?q=%22Oscar+De+La+Hoya%22,,%22Oscar+De+La+Hoya%22,13097.0,SanFrancisco,US,2021-04-18T08:05:01Z,2021-04-16T11:12:03Z
398,YouTuber,http://twitter.com/search?q=YouTuber,,YouTuber,51895.0,SanFrancisco,US,2021-04-18T08:05:01Z,2021-04-16T11:12:03Z
399,CHAOS AWAITS THE NIGHT OF DOOM,http://twitter.com/search?q=%22CHAOS+AWAITS+THE+NIGHT+OF+DOOM%22,,%22CHAOS+AWAITS+THE+NIGHT+OF+DOOM%22,150940.0,SanFrancisco,US,2021-04-18T08:05:01Z,2021-04-16T11:12:03Z
400,Tatum,http://twitter.com/search?q=Tatum,,Tatum,33586.0,SanFrancisco,US,2021-04-18T08:05:01Z,2021-04-16T11:12:03Z
401,Rigged,http://twitter.com/search?q=Rigged,,Rigged,37765.0,SanFrancisco,US,2021-04-18T08:05:01Z,2021-04-16T11:12:03Z
402,KO'd,http://twitter.com/search?q=KO%27d,,KO%27d,17835.0,SanFrancisco,US,2021-04-18T08:05:01Z,2021-04-16T11:12:03Z
403,Bobby Knuckles,http://twitter.com/search?q=%22Bobby+Knuckles%22,,%22Bobby+Knuckles%22,,SanFrancisco,US,2021-04-18T08:05:01Z,2021-04-16T11:12:03Z
404,Izzy,http://twitter.com/search?q=Izzy,,Izzy,11164.0,SanFrancisco,US,2021-04-18T08:05:01Z,2021-04-16T11:12:03Z
405,Mayweather,http://twitter.com/search?q=Mayweather,,Mayweather,,SanFrancisco,US,2021-04-18T08:05:01Z,2021-04-16T11:12:03Z
406,BRIDGIT MENDLER,http://twitter.com/search?q=%22BRIDGIT+MENDLER%22,,%22BRIDGIT+MENDLER%22,,SanFrancisco,US,2021-04-18T08:05:01Z,2021-04-16T11:12:03Z
407,McGregor,http://twitter.com/search?q=McGregor,,McGregor,,SanFrancisco,US,2021-04-18T08:05:01Z,2021-04-16T11:12:03Z
408,Draymond,http://twitter.com/search?q=Draymond,,Draymond,10924.0,SanFrancisco,US,2021-04-18T08:05:01Z,2021-04-16T11:12:03Z
409,Dana White,http://twitter.com/search?q=%22Dana+White%22,,%22Dana+White%22,,SanFrancisco,US,2021-04-18T08:05:01Z,2021-04-16T11:12:03Z
410,Ben Askew,http://twitter.com/search?q=%22Ben+Askew%22,,%22Ben+Askew%22,,SanFrancisco,US,2021-04-18T08:05:01Z,2021-04-16T11:12:03Z
411,Robbie Lawler,http://twitter.com/search?q=%22Robbie+Lawler%22,,%22Robbie+Lawler%22,,SanFrancisco,US,2021-04-18T08:05:01Z,2021-04-16T11:12:03Z
412,Canelo,http://twitter.com/search?q=Canelo,,Canelo,,SanFrancisco,US,2021-04-18T08:05:01Z,2021-04-16T11:12:03Z
413,Kelvin,http://twitter.com/search?q=Kelvin,,Kelvin,17524.0,SanFrancisco,US,2021-04-18T08:05:01Z,2021-04-16T11:12:03Z
414,Blockbuster,http://twitter.com/search?q=Blockbuster,,Blockbuster,41485.0,SanFrancisco,US,2021-04-18T08:05:01Z,2021-04-16T11:12:03Z
415,Adesanya,http://twitter.com/search?q=Adesanya,,Adesanya,,SanFrancisco,US,2021-04-18T08:05:01Z,2021-04-16T11:12:03Z
416,Michael Buffer,http://twitter.com/search?q=%22Michael+Buffer%22,,%22Michael+Buffer%22,,SanFrancisco,US,2021-04-18T08:05:01Z,2021-04-16T11:12:03Z
417,Redkach,http://twitter.com/search?q=Redkach,,Redkach,,SanFrancisco,US,2021-04-18T08:05:01Z,2021-04-16T11:12:03Z
418,Masvidal,http://twitter.com/search?q=Masvidal,,Masvidal,,SanFrancisco,US,2021-04-18T08:05:01Z,2021-04-16T11:12:03Z
419,BOXER,http://twitter.com/search?q=BOXER,,BOXER,37884.0,SanFrancisco,US,2021-04-18T08:05:01Z,2021-04-16T11:12:03Z
420,Doja Cat,http://twitter.com/search?q=%22Doja+Cat%22,,%22Doja+Cat%22,20289.0,SanFrancisco,US,2021-04-18T08:05:01Z,2021-04-16T11:12:03Z
421,Frank mir,http://twitter.com/search?q=%22Frank+mir%22,,%22Frank+mir%22,,SanFrancisco,US,2021-04-18T08:05:01Z,2021-04-16T11:12:03Z
422,Kemba,http://twitter.com/search?q=Kemba,,Kemba,10439.0,SanFrancisco,US,2021-04-18T08:05:01Z,2021-04-16T11:12:03Z
423,Logan Paul,http://twitter.com/search?q=%22Logan+Paul%22,,%22Logan+Paul%22,,SanFrancisco,US,2021-04-18T08:05:01Z,2021-04-16T11:12:03Z
424,Ric Flair,http://twitter.com/search?q=%22Ric+Flair%22,,%22Ric+Flair%22,,SanFrancisco,US,2021-04-18T08:05:01Z,2021-04-16T11:12:03Z
